1738856989894 0.6695106625556946 61
1738857003084 0.6540783047676086 123
1738857016093 0.6549535393714905 185
1738857029121 0.6463953852653503 247
1738857042284 0.6282098293304443 309
1738857055836 0.6211702823638916 371
1738857069333 0.6128222942352295 433
1738857083196 0.6000376343727112 495
1738857096421 0.5875920057296753 557
1738857109642 0.573133111000061 619
1738857123005 0.5614367723464966 681
1738857136306 0.5425577759742737 743
1738857149181 0.5334819555282593 805
1738857162000 0.532797634601593 867
1738857175510 0.5160669684410095 929
1738857190130 0.49693116545677185 991
1738857205480 0.48909902572631836 1053
1738857220079 0.4778532385826111 1115
1738857234013 0.46792057156562805 1177
1738857247720 0.4548170566558838 1239
1738857261795 0.4513546824455261 1301
1738857275252 0.44599488377571106 1363
1738857289341 0.4258670508861542 1425
1738857305445 0.42118483781814575 1487
1738857320253 0.39667218923568726 1549
1738857334142 0.3959166705608368 1611
1738857347838 0.38210099935531616 1673
1738857361255 0.36847490072250366 1735
1738857374826 0.36122915148735046 1797
1738857387773 0.34284865856170654 1859
1738857400992 0.33766046166419983 1921
1738857414507 0.323776513338089 1983
1738857428389 0.31055009365081787 2045
1738857442075 0.3013307750225067 2107
1738857455443 0.2923573851585388 2169
1738857469252 0.2902744710445404 2231
1738857482672 0.27285200357437134 2293
1738857495998 0.277639776468277 2355
1738857509619 0.252153217792511 2417
1738857522789 0.24333877861499786 2479
1738857536161 0.24210473895072937 2541
1738857549631 0.22745053470134735 2603
1738857563161 0.23059386014938354 2665
1738857576414 0.21402662992477417 2727
1738857590062 0.20645126700401306 2789
1738857603720 0.19615240395069122 2851
1738857616839 0.19764800369739532 2913
1738857629782 0.18431636691093445 2975
1738857642576 0.18284988403320312 3037
1738857655884 0.17850394546985626 3099
1738857669912 0.1648126244544983 3161
1738857683268 0.16657693684101105 3223
1738857696832 0.1546279340982437 3285
1738857710657 0.1529674232006073 3347
1738857724317 0.14549195766448975 3409
1738857738155 0.15018686652183533 3471
1738857751513 0.13880909979343414 3533
1738857765141 0.13437123596668243 3595
1738857778832 0.1319011002779007 3657
1738857793069 0.12405412644147873 3719
1738857806777 0.12743796408176422 3781
1738857820116 0.11766647547483444 3843
1738857833699 0.11213605105876923 3905
1738857847371 0.10843964666128159 3967
1738857860719 0.10121092945337296 4029
1738857873914 0.10287485271692276 4091
1738857886817 0.09919703006744385 4153
1738857899603 0.10105057805776596 4215
1738857912398 0.09626084566116333 4277
1738857925864 0.09737618267536163 4339
1738857939496 0.0917939841747284 4401
1738857953294 0.08950477093458176 4463
1738857967070 0.08876153826713562 4525
1738857980560 0.08169014006853104 4587
1738857993982 0.08427595347166061 4649
1738858007663 0.07613200694322586 4711
1738858021049 0.08120502531528473 4773
1738858034942 0.07386753708124161 4835
1738858047949 0.07369762659072876 4897
1738858060936 0.07211169600486755 4959
1738858073719 0.06860607862472534 5021
1738858086535 0.06818375736474991 5083
1738858099162 0.06729359924793243 5145
1738858104488 0.06946177035570145 5207
1738858109585 0.061166997998952866 5269
1738858114673 0.05955013260245323 5331
1738858119834 0.06462858617305756 5393
1738858124944 0.06409905850887299 5455
1738858130140 0.06014135852456093 5517
1738858135258 0.06202176213264465 5579
1738858140514 0.05115308240056038 5641
1738858145627 0.05569257214665413 5703
1738858150888 0.05624541640281677 5765
1738858156116 0.05347640812397003 5827
1738858161386 0.050986405462026596 5889
1738858166496 0.04769594222307205 5951
1738858171690 0.04890189319849014 6013
1738858176843 0.04640531912446022 6075
1738858181987 0.04629651829600334 6137
1738858187206 0.04442595690488815 6199
