1738860634348 0.6692056655883789 61
1738860639188 0.6613699793815613 123
1738860644207 0.6626706123352051 185
1738860649223 0.6612966060638428 247
1738860654342 0.6382396221160889 309
1738860659473 0.6256086230278015 371
1738860664605 0.6191536784172058 433
1738860669758 0.6081910729408264 495
1738860674974 0.5995818376541138 557
1738860679972 0.5881804823875427 619
1738860684978 0.5742775201797485 681
1738860690116 0.5620937943458557 743
1738860695165 0.5557646155357361 805
1738860700196 0.5384892821311951 867
1738860705308 0.5246648788452148 929
1738860710410 0.5264856219291687 991
1738860715504 0.5138031244277954 1053
1738860720601 0.5006082653999329 1115
1738860725756 0.4844059944152832 1177
1738860730961 0.4856416881084442 1239
1738860736170 0.47844794392585754 1301
1738860741325 0.47140389680862427 1363
1738860746452 0.4561349153518677 1425
1738860751585 0.4469265043735504 1487
1738860756686 0.43584832549095154 1549
1738860761892 0.42369914054870605 1611
1738860767029 0.41270187497138977 1673
1738860772428 0.40626856684684753 1735
1738860778115 0.39488309621810913 1797
1738860783959 0.3888298273086548 1859
1738860789984 0.3726949393749237 1921
1738860796097 0.3651276230812073 1983
1738860802509 0.35753175616264343 2045
1738860808417 0.3404100239276886 2107
1738860813696 0.3376828730106354 2169
1738860819152 0.329204797744751 2231
1738860824827 0.3115626871585846 2293
1738860830502 0.3116183578968048 2355
1738860836227 0.3036234974861145 2417
1738860842036 0.3020823001861572 2479
1738860847811 0.29230597615242004 2541
1738860853296 0.28448161482810974 2603
1738860858634 0.2729076147079468 2665
1738860863919 0.2716481387615204 2727
1738860869064 0.2584553360939026 2789
1738860874215 0.257539302110672 2851
1738860879384 0.24060875177383423 2913
1738860884592 0.23789532482624054 2975
1738860890398 0.23328597843647003 3037
1738860896383 0.23121556639671326 3099
1738860902141 0.21737246215343475 3161
1738860907927 0.2167283147573471 3223
1738860913742 0.1976454257965088 3285
1738860919628 0.20197206735610962 3347
1738860925335 0.19725777208805084 3409
1738860931254 0.18838346004486084 3471
1738860937150 0.18336772918701172 3533
1738860942784 0.1826089471578598 3595
1738860948256 0.1802733838558197 3657
1738860953492 0.16554170846939087 3719
1738860958677 0.16336902976036072 3781
1738860963844 0.1649610549211502 3843
1738860969091 0.16970394551753998 3905
1738860974829 0.14988939464092255 3967
1738860980704 0.1497938185930252 4029
1738860985981 0.149886354804039 4091
1738860991061 0.1500512808561325 4153
1738860996157 0.13966237008571625 4215
1738861001208 0.13957755267620087 4277
1738861006354 0.1309954673051834 4339
1738861011421 0.13588933646678925 4401
1738861016510 0.12711596488952637 4463
1738861021678 0.12861405313014984 4525
1738861026775 0.12065684050321579 4587
1738861031901 0.11800961196422577 4649
1738861036982 0.11918006092309952 4711
1738861042118 0.11382825672626495 4773
1738861047191 0.11586269736289978 4835
1738861052286 0.10398956388235092 4897
1738861057445 0.10635917633771896 4959
1738861062550 0.10885696858167648 5021
1738861067609 0.10097777843475342 5083
1738861072695 0.09683679789304733 5145
1738861077833 0.09078337252140045 5207
1738861082924 0.09359278529882431 5269
1738861087942 0.09559579193592072 5331
1738861093015 0.09004784375429153 5393
1738861098150 0.08700814098119736 5455
1738861103217 0.09639272838830948 5517
1738861108360 0.08311640471220016 5579
1738861113476 0.08540155738592148 5641
1738861118589 0.08410685509443283 5703
1738861123669 0.07953079044818878 5765
1738861128787 0.07807116955518723 5827
1738861134039 0.07640023529529572 5889
1738861139076 0.07712915539741516 5951
1738861144338 0.07182484865188599 6013
1738861149560 0.07107260078191757 6075
1738861154692 0.07441120594739914 6137
1738861159827 0.0721966102719307 6199
