1740343158982 0.0 0
1740343159158 0.0 1
1740343159357 0.0 2
1740343159538 0.0 3
1740343159693 0.0 4
1740343159884 0.0 5
1740343160050 0.0 6
1740343160223 0.0 7
1740343160405 0.0 8
1740343160586 0.0 9
1740343160750 0.0 10
1740343160925 0.0 11
1740343161098 0.0 12
1740343161270 0.0 13
1740343161437 0.0 14
1740343161622 0.0 15
1740343161813 0.0 16
1740343162005 0.0 17
1740343162194 0.0 18
1740343162385 0.0 19
1740343162572 0.0 20
1740343162740 0.0 21
1740343162885 0.0 22
1740343163059 0.0 23
1740343163265 0.0 24
1740343163505 0.0 25
1740343163710 0.0 26
1740343163913 0.0 27
1740343164076 0.0 28
1740343164260 0.0 29
1740343164460 0.0 30
1740343164617 0.0 31
1740343164780 0.0 32
1740343164961 0.0 33
1740343165147 0.0 34
1740343165320 0.0 35
1740343165518 0.0 36
1740343165694 0.0 37
1740343165857 0.0 38
1740343166033 0.0 39
1740343166212 0.0 40
1740343166372 0.0 41
1740343166577 0.0 42
1740343166768 0.0 43
1740343166932 0.0 44
1740343167103 0.0 45
1740343167275 0.0 46
