1740343158982 0.6803449392318726 0
1740343159158 0.7065783739089966 1
1740343159357 0.6927474737167358 2
1740343159538 0.6766627430915833 3
1740343159693 0.6602426767349243 4
1740343159884 0.6580353379249573 5
1740343160050 0.6655396819114685 6
1740343160223 0.6786702871322632 7
1740343160405 0.6647032499313354 8
1740343160586 0.6303166151046753 9
1740343160750 0.7161783576011658 10
1740343160925 0.6999003887176514 11
1740343161098 0.7202309370040894 12
1740343161270 0.7140869498252869 13
1740343161437 0.6987316608428955 14
1740343161622 0.6880911588668823 15
1740343161813 0.6958969831466675 16
1740343162005 0.6621626615524292 17
1740343162194 0.6491051316261292 18
1740343162385 0.70594322681427 19
1740343162572 0.6759353280067444 20
1740343162740 0.6601579189300537 21
1740343162885 0.6685174703598022 22
1740343163059 0.6612723469734192 23
1740343163265 0.6600852012634277 24
1740343163505 0.7253549098968506 25
1740343163710 0.7578564286231995 26
1740343163913 0.6953912973403931 27
1740343164076 0.7083392143249512 28
1740343164260 0.6810021996498108 29
1740343164460 0.6602640748023987 30
1740343164617 0.6706360578536987 31
1740343164780 0.6833714246749878 32
1740343164961 0.6590439081192017 33
1740343165147 0.711085855960846 34
1740343165320 0.6475357413291931 35
1740343165518 0.6805230379104614 36
1740343165694 0.6719734072685242 37
1740343165857 0.6491171717643738 38
1740343166033 0.7150636911392212 39
1740343166212 0.6486234068870544 40
1740343166372 0.7244523763656616 41
1740343166577 0.6694384813308716 42
1740343166768 0.6942508220672607 43
1740343166932 0.6515374183654785 44
1740343167103 0.6822500228881836 45
1740343167275 0.6595126986503601 46
