1739110572864 0.0 0
1739110572930 0.0 1
1739110573000 0.0 2
1739110573065 0.0 3
1739110573131 0.0 4
1739110573195 0.0 5
1739110573256 0.0 6
1739110573316 0.0 7
1739110573384 0.0 8
1739110573458 0.0 9
1739110573522 0.0 10
1739110573582 0.0 11
1739110573646 0.0 12
1739110573718 0.0 13
1739110573789 0.0 14
1739110573855 0.0 15
1739110573933 0.0 16
1739110574009 0.0 17
1739110574078 0.0 18
1739110574141 0.0 19
1739110574199 0.0 20
1739110574264 0.0 21
1739110574329 0.0 22
1739110574396 0.0 23
1739110574457 0.0 24
1739110574516 0.0 25
1739110574578 0.0 26
1739110574641 0.0 27
1739110574706 0.0 28
1739110574764 0.0 29
1739110574840 0.0 30
1739110574907 0.0 31
1739110574970 0.0 32
1739110575040 0.0 33
1739110575109 0.0 34
1739110575167 0.0 35
1739110575222 0.0 36
1739110575286 0.0 37
1739110575341 0.0 38
1739110575413 0.0 39
1739110575473 0.0 40
1739110575540 0.0 41
1739110575609 0.0 42
1739110575675 0.0 43
1739110575739 0.0 44
1739110575799 0.0 45
1739110575857 0.0 46
1739110575929 0.0 47
1739110575998 0.0 48
1739110576058 0.0 49
1739110576126 0.0 50
1739110576191 0.0 51
1739110576254 0.0 52
1739110576313 0.0 53
1739110576376 0.0 54
1739110576445 0.0 55
1739110576515 0.0 56
1739110576589 0.0 57
1739110576649 0.0 58
1739110576710 0.0 59
1739110576769 0.0 60
1739110576826 0.0 61
1739110577345 0.0 61
1739110577373 0.0 61
1739110577446 1.0 62
1739110577506 1.0 63
1739110577567 1.0 64
1739110577633 1.0 65
1739110577696 1.0 66
1739110577764 1.0 67
1739110577832 1.0 68
1739110577887 1.0 69
1739110577944 1.0 70
1739110578008 1.0 71
1739110578067 1.0 72
1739110578124 1.0 73
1739110578184 1.0 74
1739110578245 1.0 75
1739110578313 1.0 76
1739110578372 1.0 77
1739110578445 1.0 78
1739110578510 1.0 79
1739110578574 1.0 80
1739110578641 1.0 81
1739110578707 1.0 82
1739110578773 1.0 83
1739110578835 1.0 84
1739110578899 1.0 85
1739110578974 1.0 86
1739110579044 1.0 87
1739110579112 1.0 88
1739110579181 1.0 89
1739110579244 1.0 90
1739110579312 1.0 91
1739110579385 1.0 92
1739110579452 1.0 93
1739110579517 1.0 94
1739110579590 1.0 95
1739110579656 1.0 96
1739110579721 1.0 97
1739110579795 1.0 98
1739110579860 1.0 99
1739110579925 1.0 100
1739110579993 1.0 101
1739110580065 1.0 102
1739110580134 1.0 103
1739110580197 1.0 104
1739110580260 1.0 105
1739110580328 1.0 106
1739110580393 1.0 107
1739110580466 1.0 108
1739110580534 1.0 109
1739110580607 1.0 110
1739110580678 1.0 111
1739110580741 1.0 112
1739110580803 1.0 113
1739110580873 1.0 114
1739110580946 1.0 115
1739110581017 1.0 116
1739110581082 1.0 117
1739110581156 1.0 118
1739110581223 1.0 119
1739110581291 1.0 120
1739110581362 1.0 121
1739110581432 1.0 122
1739110581498 1.0 123
1739110582133 1.0 123
1739110582186 1.0 123
1739110582248 2.0 124
1739110582312 2.0 125
1739110582375 2.0 126
1739110582439 2.0 127
1739110582501 2.0 128
1739110582571 2.0 129
1739110582639 2.0 130
1739110582707 2.0 131
1739110582769 2.0 132
1739110582832 2.0 133
1739110582905 2.0 134
1739110582969 2.0 135
1739110583038 2.0 136
1739110583105 2.0 137
1739110583167 2.0 138
1739110583230 2.0 139
1739110583295 2.0 140
1739110583359 2.0 141
1739110583424 2.0 142
1739110583493 2.0 143
1739110583557 2.0 144
1739110583625 2.0 145
1739110583688 2.0 146
1739110583757 2.0 147
1739110583822 2.0 148
1739110583894 2.0 149
1739110583965 2.0 150
1739110584030 2.0 151
1739110584100 2.0 152
1739110584170 2.0 153
1739110584241 2.0 154
1739110584306 2.0 155
1739110584374 2.0 156
1739110584444 2.0 157
1739110584512 2.0 158
1739110584589 2.0 159
1739110584659 2.0 160
1739110584734 2.0 161
1739110584800 2.0 162
1739110584873 2.0 163
1739110584946 2.0 164
1739110585024 2.0 165
1739110585096 2.0 166
1739110585169 2.0 167
1739110585241 2.0 168
1739110585309 2.0 169
1739110585382 2.0 170
1739110585449 2.0 171
1739110585523 2.0 172
1739110585591 2.0 173
1739110585666 2.0 174
1739110585739 2.0 175
1739110585814 2.0 176
1739110585880 2.0 177
1739110585949 2.0 178
1739110586022 2.0 179
1739110586089 2.0 180
1739110586157 2.0 181
1739110586231 2.0 182
1739110586307 2.0 183
1739110586376 2.0 184
1739110586445 2.0 185
1739110587061 2.0 185
1739110587070 2.0 185
1739110587145 3.0 186
1739110587208 3.0 187
1739110587268 3.0 188
1739110587329 3.0 189
1739110587402 3.0 190
1739110587466 3.0 191
1739110587530 3.0 192
1739110587600 3.0 193
1739110587665 3.0 194
1739110587728 3.0 195
1739110587792 3.0 196
1739110587859 3.0 197
1739110587926 3.0 198
1739110588002 3.0 199
1739110588068 3.0 200
1739110588132 3.0 201
1739110588194 3.0 202
1739110588257 3.0 203
1739110588326 3.0 204
1739110588393 3.0 205
1739110588455 3.0 206
1739110588518 3.0 207
1739110588583 3.0 208
1739110588649 3.0 209
1739110588711 3.0 210
1739110588782 3.0 211
1739110588848 3.0 212
1739110588919 3.0 213
1739110588991 3.0 214
1739110589055 3.0 215
1739110589117 3.0 216
1739110589182 3.0 217
1739110589248 3.0 218
1739110589314 3.0 219
1739110589380 3.0 220
1739110589446 3.0 221
1739110589509 3.0 222
1739110589582 3.0 223
1739110589650 3.0 224
1739110589717 3.0 225
1739110589783 3.0 226
1739110589850 3.0 227
1739110589920 3.0 228
1739110589986 3.0 229
1739110590056 3.0 230
1739110590121 3.0 231
1739110590185 3.0 232
1739110590250 3.0 233
1739110590323 3.0 234
1739110590394 3.0 235
1739110590458 3.0 236
1739110590521 3.0 237
1739110590598 3.0 238
1739110590664 3.0 239
1739110590730 3.0 240
1739110590798 3.0 241
1739110590867 3.0 242
1739110590932 3.0 243
1739110591006 3.0 244
1739110591071 3.0 245
1739110591143 3.0 246
1739110591210 3.0 247
1739110591834 3.0 247
1739110591875 3.0 247
1739110591945 4.0 248
1739110592013 4.0 249
1739110592079 4.0 250
1739110592148 4.0 251
1739110592216 4.0 252
1739110592283 4.0 253
1739110592350 4.0 254
1739110592412 4.0 255
1739110592482 4.0 256
1739110592552 4.0 257
1739110592612 4.0 258
1739110592676 4.0 259
1739110592740 4.0 260
1739110592806 4.0 261
1739110592874 4.0 262
1739110592944 4.0 263
1739110593012 4.0 264
1739110593074 4.0 265
1739110593139 4.0 266
1739110593206 4.0 267
1739110593270 4.0 268
1739110593335 4.0 269
1739110593402 4.0 270
1739110593470 4.0 271
1739110593546 4.0 272
1739110593611 4.0 273
1739110593676 4.0 274
1739110593749 4.0 275
1739110593812 4.0 276
1739110593884 4.0 277
1739110593955 4.0 278
1739110594030 4.0 279
1739110594097 4.0 280
1739110594161 4.0 281
1739110594227 4.0 282
1739110594291 4.0 283
1739110594355 4.0 284
1739110594422 4.0 285
1739110594486 4.0 286
1739110594551 4.0 287
1739110594621 4.0 288
1739110594694 4.0 289
1739110594758 4.0 290
1739110594830 4.0 291
1739110594893 4.0 292
1739110594961 4.0 293
1739110595028 4.0 294
1739110595097 4.0 295
1739110595166 4.0 296
1739110595232 4.0 297
1739110595305 4.0 298
1739110595378 4.0 299
1739110595442 4.0 300
1739110595509 4.0 301
1739110595584 4.0 302
1739110595659 4.0 303
1739110595726 4.0 304
1739110595793 4.0 305
1739110595864 4.0 306
1739110595930 4.0 307
1739110595999 4.0 308
1739110596061 4.0 309
1739110596718 4.0 309
1739110596759 4.0 309
1739110596835 5.0 310
1739110596904 5.0 311
1739110596976 5.0 312
1739110597045 5.0 313
1739110597109 5.0 314
1739110597176 5.0 315
1739110597242 5.0 316
1739110597306 5.0 317
1739110597370 5.0 318
1739110597437 5.0 319
1739110597500 5.0 320
1739110597573 5.0 321
1739110597637 5.0 322
1739110597703 5.0 323
1739110597769 5.0 324
1739110597841 5.0 325
1739110597913 5.0 326
1739110597976 5.0 327
1739110598039 5.0 328
1739110598102 5.0 329
1739110598171 5.0 330
1739110598238 5.0 331
1739110598303 5.0 332
1739110598368 5.0 333
1739110598432 5.0 334
1739110598501 5.0 335
1739110598571 5.0 336
1739110598634 5.0 337
1739110598701 5.0 338
1739110598768 5.0 339
1739110598838 5.0 340
1739110598905 5.0 341
1739110598970 5.0 342
1739110599046 5.0 343
1739110599115 5.0 344
1739110599189 5.0 345
1739110599263 5.0 346
1739110599331 5.0 347
1739110599399 5.0 348
1739110599468 5.0 349
1739110599533 5.0 350
1739110599600 5.0 351
1739110599668 5.0 352
1739110599732 5.0 353
1739110599802 5.0 354
1739110599873 5.0 355
1739110599943 5.0 356
1739110600010 5.0 357
1739110600082 5.0 358
1739110600148 5.0 359
1739110600222 5.0 360
1739110600291 5.0 361
1739110600360 5.0 362
1739110600427 5.0 363
1739110600496 5.0 364
1739110600571 5.0 365
1739110600640 5.0 366
1739110600703 5.0 367
1739110600769 5.0 368
1739110600838 5.0 369
1739110600902 5.0 370
1739110600970 5.0 371
1739110601599 5.0 371
1739110601608 5.0 371
1739110601681 6.0 372
1739110601754 6.0 373
1739110601819 6.0 374
1739110601884 6.0 375
1739110601947 6.0 376
1739110602015 6.0 377
1739110602083 6.0 378
1739110602151 6.0 379
1739110602213 6.0 380
1739110602275 6.0 381
1739110602337 6.0 382
1739110602399 6.0 383
1739110602461 6.0 384
1739110602527 6.0 385
1739110602592 6.0 386
1739110602655 6.0 387
1739110602726 6.0 388
1739110602788 6.0 389
1739110602855 6.0 390
1739110602914 6.0 391
1739110602979 6.0 392
1739110603040 6.0 393
1739110603112 6.0 394
1739110603177 6.0 395
1739110603241 6.0 396
1739110603309 6.0 397
1739110603370 6.0 398
1739110603437 6.0 399
1739110603505 6.0 400
1739110603571 6.0 401
1739110603646 6.0 402
1739110603713 6.0 403
1739110603785 6.0 404
1739110603853 6.0 405
1739110603919 6.0 406
1739110603990 6.0 407
1739110604055 6.0 408
1739110604120 6.0 409
1739110604190 6.0 410
1739110604260 6.0 411
1739110604332 6.0 412
1739110604398 6.0 413
1739110604464 6.0 414
1739110604529 6.0 415
1739110604595 6.0 416
1739110604661 6.0 417
1739110604728 6.0 418
1739110604792 6.0 419
1739110604865 6.0 420
1739110604933 6.0 421
1739110605002 6.0 422
1739110605066 6.0 423
1739110605135 6.0 424
1739110605208 6.0 425
1739110605275 6.0 426
1739110605342 6.0 427
1739110605411 6.0 428
1739110605483 6.0 429
1739110605552 6.0 430
1739110605624 6.0 431
1739110605697 6.0 432
1739110605761 6.0 433
1739110606399 6.0 433
1739110606408 6.0 433
1739110606474 7.0 434
1739110606538 7.0 435
1739110606605 7.0 436
1739110606671 7.0 437
1739110606733 7.0 438
1739110606800 7.0 439
1739110606863 7.0 440
1739110606931 7.0 441
1739110606992 7.0 442
1739110607057 7.0 443
1739110607125 7.0 444
1739110607187 7.0 445
1739110607252 7.0 446
1739110607319 7.0 447
1739110607387 7.0 448
1739110607461 7.0 449
1739110607522 7.0 450
1739110607583 7.0 451
1739110607646 7.0 452
1739110607710 7.0 453
1739110607773 7.0 454
1739110607833 7.0 455
1739110607899 7.0 456
1739110607961 7.0 457
1739110608026 7.0 458
1739110608089 7.0 459
1739110608150 7.0 460
1739110608211 7.0 461
1739110608281 7.0 462
1739110608348 7.0 463
1739110608420 7.0 464
1739110608489 7.0 465
1739110608557 7.0 466
1739110608626 7.0 467
1739110608693 7.0 468
1739110608756 7.0 469
1739110608819 7.0 470
1739110608884 7.0 471
1739110608950 7.0 472
1739110609022 7.0 473
1739110609085 7.0 474
1739110609152 7.0 475
1739110609218 7.0 476
1739110609285 7.0 477
1739110609348 7.0 478
1739110609411 7.0 479
1739110609473 7.0 480
1739110609540 7.0 481
1739110609602 7.0 482
1739110609672 7.0 483
1739110609741 7.0 484
1739110609807 7.0 485
1739110609874 7.0 486
1739110609936 7.0 487
1739110610001 7.0 488
1739110610075 7.0 489
1739110610137 7.0 490
1739110610201 7.0 491
1739110610266 7.0 492
1739110610338 7.0 493
1739110610408 7.0 494
1739110610475 7.0 495
1739110611092 7.0 495
1739110611132 7.0 495
1739110611203 8.0 496
1739110611271 8.0 497
1739110611343 8.0 498
1739110611410 8.0 499
1739110611469 8.0 500
1739110611531 8.0 501
1739110611595 8.0 502
1739110611660 8.0 503
1739110611722 8.0 504
1739110611787 8.0 505
1739110611853 8.0 506
1739110611921 8.0 507
1739110611986 8.0 508
1739110612055 8.0 509
1739110612115 8.0 510
1739110612178 8.0 511
1739110612243 8.0 512
1739110612306 8.0 513
1739110612368 8.0 514
1739110612431 8.0 515
1739110612499 8.0 516
1739110612564 8.0 517
1739110612629 8.0 518
1739110612692 8.0 519
1739110612763 8.0 520
1739110612828 8.0 521
1739110612896 8.0 522
1739110612961 8.0 523
1739110613030 8.0 524
1739110613102 8.0 525
1739110613169 8.0 526
1739110613235 8.0 527
1739110613305 8.0 528
1739110613368 8.0 529
1739110613438 8.0 530
1739110613500 8.0 531
1739110613567 8.0 532
1739110613632 8.0 533
1739110613697 8.0 534
1739110613764 8.0 535
1739110613837 8.0 536
1739110613902 8.0 537
1739110613970 8.0 538
1739110614039 8.0 539
1739110614104 8.0 540
1739110614171 8.0 541
1739110614245 8.0 542
1739110614312 8.0 543
1739110614379 8.0 544
1739110614443 8.0 545
1739110614511 8.0 546
1739110614582 8.0 547
1739110614648 8.0 548
1739110614719 8.0 549
1739110614791 8.0 550
1739110614861 8.0 551
1739110614925 8.0 552
1739110614995 8.0 553
1739110615069 8.0 554
1739110615140 8.0 555
1739110615206 8.0 556
1739110615271 8.0 557
1739110615909 8.0 557
1739110615917 8.0 557
1739110615994 9.0 558
1739110616056 9.0 559
1739110616118 9.0 560
1739110616178 9.0 561
1739110616244 9.0 562
1739110616315 9.0 563
1739110616382 9.0 564
1739110616443 9.0 565
1739110616509 9.0 566
1739110616580 9.0 567
1739110616642 9.0 568
1739110616712 9.0 569
1739110616775 9.0 570
1739110616841 9.0 571
1739110616902 9.0 572
1739110616967 9.0 573
1739110617032 9.0 574
1739110617097 9.0 575
1739110617164 9.0 576
1739110617226 9.0 577
1739110617290 9.0 578
1739110617355 9.0 579
1739110617422 9.0 580
1739110617485 9.0 581
1739110617548 9.0 582
1739110617617 9.0 583
1739110617683 9.0 584
1739110617752 9.0 585
1739110617824 9.0 586
1739110617890 9.0 587
1739110617964 9.0 588
1739110618028 9.0 589
1739110618098 9.0 590
1739110618169 9.0 591
1739110618234 9.0 592
1739110618297 9.0 593
1739110618369 9.0 594
1739110618435 9.0 595
1739110618506 9.0 596
1739110618569 9.0 597
1739110618635 9.0 598
1739110618699 9.0 599
1739110618770 9.0 600
1739110618835 9.0 601
1739110618905 9.0 602
1739110618969 9.0 603
1739110619038 9.0 604
1739110619103 9.0 605
1739110619167 9.0 606
1739110619240 9.0 607
1739110619304 9.0 608
1739110619369 9.0 609
1739110619440 9.0 610
1739110619507 9.0 611
1739110619586 9.0 612
1739110619662 9.0 613
1739110619728 9.0 614
1739110619807 9.0 615
1739110619876 9.0 616
1739110619943 9.0 617
1739110620011 9.0 618
1739110620088 9.0 619
1739110620732 9.0 619
1739110620776 9.0 619
1739110620847 10.0 620
1739110620910 10.0 621
1739110620975 10.0 622
1739110621036 10.0 623
1739110621105 10.0 624
1739110621177 10.0 625
1739110621242 10.0 626
1739110621310 10.0 627
1739110621376 10.0 628
1739110621442 10.0 629
1739110621512 10.0 630
1739110621574 10.0 631
1739110621638 10.0 632
1739110621707 10.0 633
1739110621775 10.0 634
1739110621838 10.0 635
1739110621904 10.0 636
1739110621965 10.0 637
1739110622028 10.0 638
1739110622095 10.0 639
1739110622156 10.0 640
1739110622221 10.0 641
1739110622284 10.0 642
1739110622352 10.0 643
1739110622422 10.0 644
1739110622494 10.0 645
1739110622576 10.0 646
1739110622642 10.0 647
1739110622710 10.0 648
1739110622780 10.0 649
1739110622843 10.0 650
1739110622910 10.0 651
1739110622980 10.0 652
1739110623046 10.0 653
1739110623117 10.0 654
1739110623179 10.0 655
1739110623247 10.0 656
1739110623313 10.0 657
1739110623377 10.0 658
1739110623445 10.0 659
1739110623517 10.0 660
1739110623597 10.0 661
1739110623663 10.0 662
1739110623729 10.0 663
1739110623792 10.0 664
1739110623857 10.0 665
1739110623924 10.0 666
1739110623992 10.0 667
1739110624055 10.0 668
1739110624117 10.0 669
1739110624192 10.0 670
1739110624260 10.0 671
1739110624328 10.0 672
1739110624399 10.0 673
1739110624470 10.0 674
1739110624536 10.0 675
1739110624604 10.0 676
1739110624672 10.0 677
1739110624743 10.0 678
1739110624812 10.0 679
1739110624880 10.0 680
1739110624948 10.0 681
1739110625589 10.0 681
1739110625630 10.0 681
1739110625705 11.0 682
1739110625779 11.0 683
1739110625848 11.0 684
1739110625911 11.0 685
1739110625975 11.0 686
1739110626049 11.0 687
1739110626113 11.0 688
1739110626174 11.0 689
1739110626236 11.0 690
1739110626302 11.0 691
1739110626364 11.0 692
1739110626433 11.0 693
1739110626491 11.0 694
1739110626553 11.0 695
1739110626615 11.0 696
1739110626690 11.0 697
1739110626761 11.0 698
1739110626837 11.0 699
1739110626900 11.0 700
1739110626970 11.0 701
1739110627031 11.0 702
1739110627099 11.0 703
1739110627166 11.0 704
1739110627230 11.0 705
1739110627297 11.0 706
1739110627358 11.0 707
1739110627427 11.0 708
1739110627492 11.0 709
1739110627558 11.0 710
1739110627627 11.0 711
1739110627689 11.0 712
1739110627760 11.0 713
1739110627833 11.0 714
1739110627899 11.0 715
1739110627974 11.0 716
1739110628038 11.0 717
1739110628103 11.0 718
1739110628177 11.0 719
1739110628240 11.0 720
1739110628307 11.0 721
1739110628375 11.0 722
1739110628441 11.0 723
1739110628509 11.0 724
1739110628576 11.0 725
1739110628642 11.0 726
1739110628716 11.0 727
1739110628784 11.0 728
1739110628855 11.0 729
1739110628927 11.0 730
1739110628998 11.0 731
1739110629073 11.0 732
1739110629137 11.0 733
1739110629204 11.0 734
1739110629272 11.0 735
1739110629348 11.0 736
1739110629413 11.0 737
1739110629478 11.0 738
1739110629545 11.0 739
1739110629617 11.0 740
1739110629689 11.0 741
1739110629759 11.0 742
1739110629829 11.0 743
1739110630453 11.0 743
1739110630460 11.0 743
1739110630523 12.0 744
1739110630586 12.0 745
1739110630657 12.0 746
1739110630727 12.0 747
1739110630800 12.0 748
1739110630867 12.0 749
1739110630933 12.0 750
1739110630998 12.0 751
1739110631067 12.0 752
1739110631136 12.0 753
1739110631201 12.0 754
1739110631268 12.0 755
1739110631335 12.0 756
1739110631400 12.0 757
1739110631461 12.0 758
1739110631523 12.0 759
1739110631585 12.0 760
1739110631650 12.0 761
1739110631715 12.0 762
1739110631789 12.0 763
1739110631850 12.0 764
1739110631910 12.0 765
1739110631977 12.0 766
1739110632053 12.0 767
1739110632116 12.0 768
1739110632181 12.0 769
1739110632246 12.0 770
1739110632317 12.0 771
1739110632387 12.0 772
1739110632454 12.0 773
1739110632521 12.0 774
1739110632589 12.0 775
1739110632656 12.0 776
1739110632725 12.0 777
1739110632792 12.0 778
1739110632857 12.0 779
1739110632930 12.0 780
1739110633000 12.0 781
1739110633067 12.0 782
1739110633134 12.0 783
1739110633200 12.0 784
1739110633270 12.0 785
1739110633343 12.0 786
1739110633413 12.0 787
1739110633482 12.0 788
1739110633548 12.0 789
1739110633617 12.0 790
1739110633684 12.0 791
1739110633756 12.0 792
1739110633824 12.0 793
1739110633887 12.0 794
1739110633946 12.0 795
1739110634014 12.0 796
1739110634092 12.0 797
1739110634166 12.0 798
1739110634233 12.0 799
1739110634297 12.0 800
1739110634361 12.0 801
1739110634428 12.0 802
1739110634505 12.0 803
1739110634571 12.0 804
1739110634638 12.0 805
1739110635282 12.0 805
1739110635291 12.0 805
1739110635357 13.0 806
1739110635420 13.0 807
1739110635480 13.0 808
1739110635543 13.0 809
1739110635608 13.0 810
1739110635675 13.0 811
1739110635747 13.0 812
1739110635816 13.0 813
1739110635879 13.0 814
1739110635946 13.0 815
1739110636012 13.0 816
1739110636077 13.0 817
1739110636148 13.0 818
1739110636211 13.0 819
1739110636280 13.0 820
1739110636353 13.0 821
1739110636419 13.0 822
1739110636489 13.0 823
1739110636555 13.0 824
1739110636623 13.0 825
1739110636694 13.0 826
1739110636760 13.0 827
1739110636826 13.0 828
1739110636885 13.0 829
1739110636944 13.0 830
1739110637009 13.0 831
1739110637070 13.0 832
1739110637134 13.0 833
1739110637191 13.0 834
1739110637252 13.0 835
1739110637317 13.0 836
1739110637387 13.0 837
1739110637453 13.0 838
1739110637515 13.0 839
1739110637574 13.0 840
1739110637639 13.0 841
1739110637698 13.0 842
1739110637763 13.0 843
1739110637820 13.0 844
1739110637883 13.0 845
1739110637940 13.0 846
1739110638002 13.0 847
1739110638062 13.0 848
1739110638119 13.0 849
1739110638178 13.0 850
1739110638245 13.0 851
1739110638308 13.0 852
1739110638367 13.0 853
1739110638427 13.0 854
1739110638485 13.0 855
1739110638547 13.0 856
1739110638614 13.0 857
1739110638675 13.0 858
1739110638748 13.0 859
1739110638816 13.0 860
1739110638883 13.0 861
1739110638943 13.0 862
1739110639004 13.0 863
1739110639069 13.0 864
1739110639127 13.0 865
1739110639191 13.0 866
1739110639255 13.0 867
1739110639833 13.0 867
1739110639842 13.0 867
1739110639908 14.0 868
1739110639968 14.0 869
1739110640035 14.0 870
1739110640096 14.0 871
1739110640157 14.0 872
1739110640228 14.0 873
1739110640289 14.0 874
1739110640351 14.0 875
1739110640412 14.0 876
1739110640484 14.0 877
1739110640550 14.0 878
1739110640615 14.0 879
1739110640677 14.0 880
1739110640744 14.0 881
1739110640813 14.0 882
1739110640877 14.0 883
1739110640943 14.0 884
1739110641012 14.0 885
1739110641079 14.0 886
1739110641145 14.0 887
1739110641210 14.0 888
1739110641274 14.0 889
1739110641339 14.0 890
1739110641402 14.0 891
1739110641466 14.0 892
1739110641531 14.0 893
1739110641603 14.0 894
1739110641672 14.0 895
1739110641735 14.0 896
1739110641799 14.0 897
1739110641872 14.0 898
1739110641934 14.0 899
1739110641999 14.0 900
1739110642066 14.0 901
1739110642133 14.0 902
1739110642198 14.0 903
1739110642263 14.0 904
1739110642331 14.0 905
1739110642396 14.0 906
1739110642461 14.0 907
1739110642532 14.0 908
1739110642597 14.0 909
1739110642662 14.0 910
1739110642729 14.0 911
1739110642794 14.0 912
1739110642864 14.0 913
1739110642937 14.0 914
1739110643006 14.0 915
1739110643075 14.0 916
1739110643139 14.0 917
1739110643203 14.0 918
1739110643271 14.0 919
1739110643342 14.0 920
1739110643410 14.0 921
1739110643473 14.0 922
1739110643542 14.0 923
1739110643610 14.0 924
1739110643677 14.0 925
1739110643756 14.0 926
1739110643838 14.0 927
1739110643900 14.0 928
1739110643967 14.0 929
1739110644621 14.0 929
1739110644628 14.0 929
1739110644695 15.0 930
1739110644754 15.0 931
1739110644819 15.0 932
1739110644890 15.0 933
1739110644954 15.0 934
1739110645016 15.0 935
1739110645083 15.0 936
1739110645150 15.0 937
1739110645228 15.0 938
1739110645294 15.0 939
1739110645358 15.0 940
1739110645427 15.0 941
1739110645489 15.0 942
1739110645564 15.0 943
1739110645635 15.0 944
1739110645703 15.0 945
1739110645768 15.0 946
1739110645835 15.0 947
1739110645899 15.0 948
1739110645963 15.0 949
1739110646026 15.0 950
1739110646089 15.0 951
1739110646160 15.0 952
1739110646232 15.0 953
1739110646301 15.0 954
1739110646370 15.0 955
1739110646440 15.0 956
1739110646512 15.0 957
1739110646580 15.0 958
1739110646644 15.0 959
1739110646713 15.0 960
1739110646778 15.0 961
1739110646842 15.0 962
1739110646914 15.0 963
1739110646982 15.0 964
1739110647046 15.0 965
1739110647121 15.0 966
1739110647195 15.0 967
1739110647261 15.0 968
1739110647329 15.0 969
1739110647397 15.0 970
1739110647460 15.0 971
1739110647525 15.0 972
1739110647592 15.0 973
1739110647666 15.0 974
1739110647731 15.0 975
1739110647803 15.0 976
1739110647871 15.0 977
1739110647940 15.0 978
1739110648009 15.0 979
1739110648077 15.0 980
1739110648149 15.0 981
1739110648219 15.0 982
1739110648288 15.0 983
1739110648354 15.0 984
1739110648422 15.0 985
1739110648492 15.0 986
1739110648563 15.0 987
1739110648633 15.0 988
1739110648698 15.0 989
1739110648771 15.0 990
1739110648847 15.0 991
1739110649496 15.0 991
1739110649504 15.0 991
1739110649571 16.0 992
1739110649637 16.0 993
1739110649699 16.0 994
1739110649773 16.0 995
1739110649840 16.0 996
1739110649908 16.0 997
1739110649984 16.0 998
1739110650049 16.0 999
1739110650115 16.0 1000
1739110650179 16.0 1001
1739110650243 16.0 1002
1739110650309 16.0 1003
1739110650369 16.0 1004
1739110650435 16.0 1005
1739110650505 16.0 1006
1739110650571 16.0 1007
1739110650635 16.0 1008
1739110650704 16.0 1009
1739110650769 16.0 1010
1739110650836 16.0 1011
1739110650904 16.0 1012
1739110650968 16.0 1013
1739110651039 16.0 1014
1739110651105 16.0 1015
1739110651167 16.0 1016
1739110651232 16.0 1017
1739110651294 16.0 1018
1739110651363 16.0 1019
1739110651439 16.0 1020
1739110651506 16.0 1021
1739110651575 16.0 1022
1739110651637 16.0 1023
1739110651706 16.0 1024
1739110651771 16.0 1025
1739110651842 16.0 1026
1739110651913 16.0 1027
1739110651986 16.0 1028
1739110652054 16.0 1029
1739110652118 16.0 1030
1739110652187 16.0 1031
1739110652256 16.0 1032
1739110652328 16.0 1033
1739110652392 16.0 1034
1739110652464 16.0 1035
1739110652531 16.0 1036
1739110652599 16.0 1037
1739110652685 16.0 1038
1739110652770 16.0 1039
1739110652841 16.0 1040
1739110652905 16.0 1041
1739110652972 16.0 1042
1739110653038 16.0 1043
1739110653109 16.0 1044
1739110653176 16.0 1045
1739110653245 16.0 1046
1739110653310 16.0 1047
1739110653380 16.0 1048
1739110653449 16.0 1049
1739110653521 16.0 1050
1739110653591 16.0 1051
1739110653665 16.0 1052
1739110653730 16.0 1053
1739110654373 16.0 1053
1739110654381 16.0 1053
1739110654444 17.0 1054
1739110654508 17.0 1055
1739110654579 17.0 1056
1739110654647 17.0 1057
1739110654709 17.0 1058
1739110654776 17.0 1059
1739110654838 17.0 1060
1739110654902 17.0 1061
1739110654968 17.0 1062
1739110655037 17.0 1063
1739110655100 17.0 1064
1739110655168 17.0 1065
1739110655242 17.0 1066
1739110655310 17.0 1067
1739110655372 17.0 1068
1739110655437 17.0 1069
1739110655502 17.0 1070
1739110655565 17.0 1071
1739110655637 17.0 1072
1739110655702 17.0 1073
1739110655766 17.0 1074
1739110655833 17.0 1075
1739110655903 17.0 1076
1739110655966 17.0 1077
1739110656030 17.0 1078
1739110656093 17.0 1079
1739110656158 17.0 1080
1739110656228 17.0 1081
1739110656294 17.0 1082
1739110656365 17.0 1083
1739110656432 17.0 1084
1739110656498 17.0 1085
1739110656562 17.0 1086
1739110656632 17.0 1087
1739110656699 17.0 1088
1739110656771 17.0 1089
1739110656841 17.0 1090
1739110656910 17.0 1091
1739110656976 17.0 1092
1739110657039 17.0 1093
1739110657105 17.0 1094
1739110657174 17.0 1095
1739110657247 17.0 1096
1739110657320 17.0 1097
1739110657383 17.0 1098
1739110657449 17.0 1099
1739110657519 17.0 1100
1739110657582 17.0 1101
1739110657649 17.0 1102
1739110657715 17.0 1103
1739110657788 17.0 1104
1739110657856 17.0 1105
1739110657930 17.0 1106
1739110657999 17.0 1107
1739110658065 17.0 1108
1739110658128 17.0 1109
1739110658194 17.0 1110
1739110658265 17.0 1111
1739110658332 17.0 1112
1739110658401 17.0 1113
1739110658473 17.0 1114
1739110658536 17.0 1115
1739110659173 17.0 1115
1739110659182 17.0 1115
1739110659253 18.0 1116
1739110659322 18.0 1117
1739110659390 18.0 1118
1739110659457 18.0 1119
1739110659536 18.0 1120
1739110659595 18.0 1121
1739110659656 18.0 1122
1739110659719 18.0 1123
1739110659786 18.0 1124
1739110659852 18.0 1125
1739110659914 18.0 1126
1739110659979 18.0 1127
1739110660040 18.0 1128
1739110660105 18.0 1129
1739110660166 18.0 1130
1739110660230 18.0 1131
1739110660299 18.0 1132
1739110660365 18.0 1133
1739110660429 18.0 1134
1739110660499 18.0 1135
1739110660567 18.0 1136
1739110660636 18.0 1137
1739110660695 18.0 1138
1739110660754 18.0 1139
1739110660817 18.0 1140
1739110660879 18.0 1141
1739110660944 18.0 1142
1739110661013 18.0 1143
1739110661078 18.0 1144
1739110661153 18.0 1145
1739110661217 18.0 1146
1739110661287 18.0 1147
1739110661351 18.0 1148
1739110661417 18.0 1149
1739110661483 18.0 1150
1739110661555 18.0 1151
1739110661622 18.0 1152
1739110661690 18.0 1153
1739110661750 18.0 1154
1739110661820 18.0 1155
1739110661892 18.0 1156
1739110661954 18.0 1157
1739110662019 18.0 1158
1739110662086 18.0 1159
1739110662161 18.0 1160
1739110662228 18.0 1161
1739110662293 18.0 1162
1739110662359 18.0 1163
1739110662429 18.0 1164
1739110662504 18.0 1165
1739110662570 18.0 1166
1739110662635 18.0 1167
1739110662707 18.0 1168
1739110662776 18.0 1169
1739110662838 18.0 1170
1739110662903 18.0 1171
1739110662971 18.0 1172
1739110663040 18.0 1173
1739110663105 18.0 1174
1739110663171 18.0 1175
1739110663237 18.0 1176
1739110663304 18.0 1177
1739110663943 18.0 1177
1739110663952 18.0 1177
1739110664018 19.0 1178
1739110664084 19.0 1179
1739110664150 19.0 1180
1739110664222 19.0 1181
1739110664290 19.0 1182
1739110664357 19.0 1183
1739110664432 19.0 1184
1739110664508 19.0 1185
1739110664578 19.0 1186
1739110664639 19.0 1187
1739110664709 19.0 1188
1739110664773 19.0 1189
1739110664850 19.0 1190
1739110664932 19.0 1191
1739110665003 19.0 1192
1739110665080 19.0 1193
1739110665151 19.0 1194
1739110665220 19.0 1195
1739110665301 19.0 1196
1739110665373 19.0 1197
1739110665442 19.0 1198
1739110665508 19.0 1199
1739110665583 19.0 1200
1739110665653 19.0 1201
1739110665730 19.0 1202
1739110665801 19.0 1203
1739110665879 19.0 1204
1739110665947 19.0 1205
1739110666014 19.0 1206
1739110666081 19.0 1207
1739110666148 19.0 1208
1739110666215 19.0 1209
1739110666286 19.0 1210
1739110666348 19.0 1211
1739110666416 19.0 1212
1739110666490 19.0 1213
1739110666560 19.0 1214
1739110666625 19.0 1215
1739110666697 19.0 1216
1739110666762 19.0 1217
1739110666832 19.0 1218
1739110666919 19.0 1219
1739110666993 19.0 1220
1739110667060 19.0 1221
1739110667128 19.0 1222
1739110667197 19.0 1223
1739110667278 19.0 1224
1739110667351 19.0 1225
1739110667427 19.0 1226
1739110667506 19.0 1227
1739110667592 19.0 1228
1739110667677 19.0 1229
1739110667766 19.0 1230
