1740479934358 0.681219756603241 61
1740479939009 0.6713873147964478 123
1740479943956 0.6771042346954346 185
1740479948883 0.6592365503311157 247
1740479953946 0.6530075669288635 309
1740479958738 0.6448878049850464 371
1740479963618 0.6345388889312744 433
1740479968757 0.6115719079971313 495
1740479973578 0.6018239259719849 557
1740479978707 0.5844871401786804 619
1740479983853 0.580893874168396 681
1740479989141 0.5660696029663086 743
1740479994543 0.5497389435768127 805
1740479999863 0.5382646918296814 867
1740480004865 0.5324550867080688 929
1740480009819 0.5193677544593811 991
1740480014820 0.5040768980979919 1053
1740480019801 0.501789927482605 1115
1740480024705 0.47941380739212036 1177
1740480029795 0.47200170159339905 1239
1740480034668 0.46231964230537415 1301
1740480040054 0.45309290289878845 1363
1740480045313 0.44570091366767883 1425
1740480050714 0.43270638585090637 1487
1740480056078 0.421371728181839 1549
1740480061543 0.419434517621994 1611
1740480066948 0.4008273482322693 1673
1740480072347 0.3858657777309418 1735
1740480077363 0.3802435100078583 1797
1740480082439 0.37399402260780334 1859
1740480087669 0.3617081940174103 1921
1740480093201 0.3437812924385071 1983
1740480098810 0.3361890912055969 2045
1740480104119 0.3341675400733948 2107
1740480109427 0.31975090503692627 2169
1740480114746 0.3065674304962158 2231
1740480120153 0.29845231771469116 2293
1740480125666 0.28596946597099304 2355
1740480131038 0.2674753665924072 2417
1740480136006 0.26310983300209045 2479
1740480140941 0.2631518840789795 2541
1740480145864 0.2513648569583893 2603
1740480151050 0.23221835494041443 2665
1740480156375 0.23168152570724487 2727
1740480161709 0.22082997858524323 2789
1740480167255 0.223537877202034 2851
1740480172560 0.210819810628891 2913
1740480177919 0.19997267425060272 2975
1740480183293 0.19147548079490662 3037
1740480188760 0.1916772872209549 3099
1740480194277 0.18031032383441925 3161
1740480199656 0.17194703221321106 3223
1740480204938 0.17040188610553741 3285
1740480210451 0.1597830206155777 3347
1740480215953 0.1603073626756668 3409
1740480221441 0.14286108314990997 3471
1740480227050 0.1402985006570816 3533
1740480232636 0.13877499103546143 3595
1740480237839 0.1480575054883957 3657
1740480242761 0.13213318586349487 3719
1740480247697 0.12277580797672272 3781
1740480252712 0.12558254599571228 3843
1740480257789 0.11399175971746445 3905
1740480263205 0.10915032774209976 3967
1740480268305 0.11312320083379745 4029
1740480273239 0.11683202534914017 4091
1740480278166 0.10497090220451355 4153
1740480283130 0.10496828705072403 4215
1740480288099 0.10274935513734818 4277
1740480293134 0.09866980463266373 4339
1740480298592 0.09686164557933807 4401
1740480303371 0.09069164097309113 4463
1740480308238 0.08733668178319931 4525
1740480313140 0.0906154066324234 4587
1740480318098 0.08514565229415894 4649
1740480323351 0.08644919842481613 4711
1740480328527 0.0807400718331337 4773
1740480333922 0.08213184773921967 4835
1740480339266 0.07455857843160629 4897
1740480344670 0.06791732460260391 4959
1740480349986 0.06795787066221237 5021
1740480355373 0.06869444251060486 5083
1740480360819 0.06541918963193893 5145
1740480366257 0.06415274739265442 5207
1740480371700 0.06252241134643555 5269
1740480377603 0.05760406702756882 5331
1740480383050 0.06043395772576332 5393
1740480388212 0.05586329847574234 5455
1740480393540 0.05810469388961792 5517
1740480398769 0.05969274044036865 5579
1740480403904 0.05691194906830788 5641
1740480409183 0.05187797546386719 5703
1740480414426 0.05324063077569008 5765
1740480419417 0.05080152675509453 5827
1740480424502 0.051313482224941254 5889
1740480429741 0.051311690360307693 5951
1740480434809 0.048773523420095444 6013
1740480439749 0.047629207372665405 6075
1740480444596 0.04562344029545784 6137
1740480449598 0.053854212164878845 6199
