1738860173614 0.0 0
1738860173679 0.0 1
1738860173735 0.0 2
1738860173806 0.0 3
1738860173893 0.0 4
1738860173963 0.0 5
1738860174027 0.0 6
1738860174103 0.0 7
1738860174173 0.0 8
1738860174243 0.0 9
1738860174300 0.0 10
1738860174373 0.0 11
1738860174443 0.0 12
1738860174499 0.0 13
1738860174580 0.0 14
1738860174644 0.0 15
1738860174724 0.0 16
1738860174778 0.0 17
1738860174857 0.0 18
1738860174918 0.0 19
1738860174982 0.0 20
1738860175056 0.0 21
1738860175118 0.0 22
1738860175172 0.0 23
1738860175251 0.0 24
1738860175323 0.0 25
1738860175379 0.0 26
1738860175439 0.0 27
1738860175494 0.0 28
1738860175566 0.0 29
1738860175621 0.0 30
1738860175693 0.0 31
1738860175765 0.0 32
1738860175828 0.0 33
1738860175881 0.0 34
1738860175953 0.0 35
1738860176024 0.0 36
1738860176084 0.0 37
1738860176141 0.0 38
1738860176196 0.0 39
1738860176273 0.0 40
1738860176330 0.0 41
1738860176384 0.0 42
1738860176464 0.0 43
1738860176534 0.0 44
1738860176590 0.0 45
1738860176662 0.0 46
1738860176723 0.0 47
1738860176793 0.0 48
1738860176858 0.0 49
1738860176927 0.0 50
1738860176984 0.0 51
1738860177063 0.0 52
1738860177119 0.0 53
1738860177190 0.0 54
1738860177260 0.0 55
1738860177324 0.0 56
1738860177394 0.0 57
1738860177468 0.0 58
1738860177536 0.0 59
1738860177607 0.0 60
1738860177669 0.0 61
1738860178246 0.0 61
1738860178290 0.0 61
1738860178347 1.0 62
1738860178420 1.0 63
1738860178481 1.0 64
1738860178558 1.0 65
1738860178620 1.0 66
1738860178687 1.0 67
1738860178760 1.0 68
1738860178832 1.0 69
1738860178895 1.0 70
1738860178964 1.0 71
1738860179028 1.0 72
1738860179100 1.0 73
1738860179153 1.0 74
1738860179228 1.0 75
1738860179282 1.0 76
1738860179361 1.0 77
1738860179443 1.0 78
1738860179506 1.0 79
1738860179560 1.0 80
1738860179633 1.0 81
1738860179705 1.0 82
1738860179775 1.0 83
1738860179840 1.0 84
1738860179909 1.0 85
1738860179983 1.0 86
1738860180054 1.0 87
1738860180121 1.0 88
1738860180188 1.0 89
1738860180244 1.0 90
1738860180339 1.0 91
1738860180408 1.0 92
1738860180474 1.0 93
1738860180537 1.0 94
1738860180606 1.0 95
1738860180663 1.0 96
1738860180742 1.0 97
1738860180821 1.0 98
1738860180877 1.0 99
1738860180948 1.0 100
1738860181022 1.0 101
1738860181103 1.0 102
1738860181160 1.0 103
1738860181240 1.0 104
1738860181309 1.0 105
1738860181372 1.0 106
1738860181445 1.0 107
1738860181524 1.0 108
1738860181579 1.0 109
1738860181660 1.0 110
1738860181731 1.0 111
1738860181810 1.0 112
1738860181888 1.0 113
1738860181960 1.0 114
1738860182045 1.0 115
1738860182123 1.0 116
1738860182197 1.0 117
1738860182277 1.0 118
1738860182353 1.0 119
1738860182430 1.0 120
1738860182522 1.0 121
1738860182599 1.0 122
1738860182669 1.0 123
1738860183294 1.0 123
1738860183309 1.0 123
1738860183381 2.0 124
1738860183455 2.0 125
1738860183533 2.0 126
1738860183590 2.0 127
1738860183679 2.0 128
1738860183758 2.0 129
1738860183823 2.0 130
1738860183890 2.0 131
1738860183948 2.0 132
1738860184025 2.0 133
1738860184088 2.0 134
1738860184148 2.0 135
1738860184217 2.0 136
1738860184279 2.0 137
1738860184342 2.0 138
1738860184403 2.0 139
1738860184481 2.0 140
1738860184543 2.0 141
1738860184615 2.0 142
1738860184688 2.0 143
1738860184758 2.0 144
1738860184824 2.0 145
1738860184888 2.0 146
1738860184967 2.0 147
1738860185038 2.0 148
1738860185106 2.0 149
1738860185175 2.0 150
1738860185254 2.0 151
1738860185329 2.0 152
1738860185396 2.0 153
1738860185460 2.0 154
1738860185542 2.0 155
1738860185625 2.0 156
1738860185687 2.0 157
1738860185766 2.0 158
1738860185836 2.0 159
1738860185922 2.0 160
1738860185998 2.0 161
1738860186077 2.0 162
1738860186156 2.0 163
1738860186233 2.0 164
1738860186299 2.0 165
1738860186376 2.0 166
1738860186445 2.0 167
1738860186516 2.0 168
1738860186567 2.0 169
1738860186645 2.0 170
1738860186725 2.0 171
1738860186809 2.0 172
1738860186879 2.0 173
1738860186936 2.0 174
1738860187031 2.0 175
1738860187088 2.0 176
1738860187164 2.0 177
1738860187232 2.0 178
1738860187294 2.0 179
1738860187372 2.0 180
1738860187448 2.0 181
1738860187525 2.0 182
1738860187591 2.0 183
1738860187669 2.0 184
1738860187741 2.0 185
1738860188396 2.0 185
1738860188412 2.0 185
1738860188476 3.0 186
1738860188547 3.0 187
1738860188608 3.0 188
1738860188675 3.0 189
1738860188754 3.0 190
1738860188821 3.0 191
1738860188888 3.0 192
1738860188947 3.0 193
1738860189016 3.0 194
1738860189070 3.0 195
1738860189141 3.0 196
1738860189214 3.0 197
1738860189287 3.0 198
1738860189348 3.0 199
1738860189426 3.0 200
1738860189494 3.0 201
1738860189566 3.0 202
1738860189637 3.0 203
1738860189710 3.0 204
1738860189773 3.0 205
1738860189827 3.0 206
1738860189900 3.0 207
1738860189984 3.0 208
1738860190058 3.0 209
1738860190131 3.0 210
1738860190186 3.0 211
1738860190257 3.0 212
1738860190329 3.0 213
1738860190412 3.0 214
1738860190477 3.0 215
1738860190545 3.0 216
1738860190628 3.0 217
1738860190709 3.0 218
1738860190772 3.0 219
1738860190843 3.0 220
1738860190931 3.0 221
1738860191004 3.0 222
1738860191082 3.0 223
1738860191154 3.0 224
1738860191226 3.0 225
1738860191300 3.0 226
1738860191374 3.0 227
1738860191438 3.0 228
1738860191499 3.0 229
1738860191579 3.0 230
1738860191653 3.0 231
1738860191721 3.0 232
1738860191778 3.0 233
1738860191858 3.0 234
1738860191937 3.0 235
1738860192016 3.0 236
1738860192087 3.0 237
1738860192155 3.0 238
1738860192215 3.0 239
1738860192287 3.0 240
1738860192358 3.0 241
1738860192414 3.0 242
1738860192492 3.0 243
1738860192549 3.0 244
1738860192626 3.0 245
1738860192693 3.0 246
1738860192772 3.0 247
1738860193448 3.0 247
1738860193458 3.0 247
1738860193540 4.0 248
1738860193626 4.0 249
1738860193694 4.0 250
1738860193769 4.0 251
1738860193846 4.0 252
1738860193916 4.0 253
1738860193998 4.0 254
1738860194073 4.0 255
1738860194143 4.0 256
1738860194209 4.0 257
1738860194281 4.0 258
1738860194357 4.0 259
1738860194421 4.0 260
1738860194493 4.0 261
1738860194555 4.0 262
1738860194632 4.0 263
1738860194715 4.0 264
1738860194772 4.0 265
1738860194845 4.0 266
1738860194920 4.0 267
1738860194977 4.0 268
1738860195045 4.0 269
1738860195115 4.0 270
1738860195178 4.0 271
1738860195232 4.0 272
1738860195305 4.0 273
1738860195385 4.0 274
1738860195455 4.0 275
1738860195518 4.0 276
1738860195587 4.0 277
1738860195663 4.0 278
1738860195745 4.0 279
1738860195815 4.0 280
1738860195887 4.0 281
1738860195960 4.0 282
1738860196021 4.0 283
1738860196091 4.0 284
1738860196154 4.0 285
1738860196226 4.0 286
1738860196287 4.0 287
1738860196366 4.0 288
1738860196433 4.0 289
1738860196494 4.0 290
1738860196566 4.0 291
1738860196636 4.0 292
1738860196701 4.0 293
1738860196769 4.0 294
1738860196848 4.0 295
1738860196912 4.0 296
1738860196981 4.0 297
1738860197051 4.0 298
1738860197134 4.0 299
1738860197204 4.0 300
1738860197274 4.0 301
1738860197335 4.0 302
1738860197415 4.0 303
1738860197469 4.0 304
1738860197541 4.0 305
1738860197616 4.0 306
1738860197694 4.0 307
1738860197766 4.0 308
1738860197834 4.0 309
1738860198486 4.0 309
1738860198486 4.0 309
1738860198548 5.0 310
1738860198625 5.0 311
1738860198697 5.0 312
1738860198770 5.0 313
1738860198840 5.0 314
1738860198893 5.0 315
1738860198967 5.0 316
1738860199055 5.0 317
1738860199112 5.0 318
1738860199184 5.0 319
1738860199263 5.0 320
1738860199336 5.0 321
1738860199406 5.0 322
1738860199469 5.0 323
1738860199543 5.0 324
1738860199606 5.0 325
1738860199682 5.0 326
1738860199736 5.0 327
1738860199815 5.0 328
1738860199869 5.0 329
1738860199942 5.0 330
1738860200014 5.0 331
1738860200095 5.0 332
1738860200165 5.0 333
1738860200237 5.0 334
1738860200294 5.0 335
1738860200368 5.0 336
1738860200438 5.0 337
1738860200518 5.0 338
1738860200590 5.0 339
1738860200651 5.0 340
1738860200721 5.0 341
1738860200794 5.0 342
1738860200857 5.0 343
1738860200938 5.0 344
1738860201014 5.0 345
1738860201088 5.0 346
1738860201157 5.0 347
1738860201222 5.0 348
1738860201293 5.0 349
1738860201355 5.0 350
1738860201427 5.0 351
1738860201494 5.0 352
1738860201566 5.0 353
1738860201645 5.0 354
1738860201724 5.0 355
1738860201796 5.0 356
1738860201866 5.0 357
1738860201953 5.0 358
1738860202015 5.0 359
1738860202087 5.0 360
1738860202154 5.0 361
1738860202233 5.0 362
1738860202303 5.0 363
1738860202360 5.0 364
1738860202439 5.0 365
1738860202499 5.0 366
1738860202588 5.0 367
1738860202652 5.0 368
1738860202724 5.0 369
1738860202800 5.0 370
1738860202863 5.0 371
1738860203506 5.0 371
1738860203529 5.0 371
1738860203621 6.0 372
1738860203681 6.0 373
1738860203742 6.0 374
1738860203816 6.0 375
1738860203884 6.0 376
1738860203948 6.0 377
1738860204002 6.0 378
1738860204083 6.0 379
1738860204160 6.0 380
1738860204240 6.0 381
1738860204304 6.0 382
1738860204378 6.0 383
1738860204440 6.0 384
1738860204507 6.0 385
1738860204579 6.0 386
1738860204641 6.0 387
1738860204713 6.0 388
1738860204790 6.0 389
1738860204854 6.0 390
1738860204918 6.0 391
1738860204990 6.0 392
1738860205051 6.0 393
1738860205107 6.0 394
1738860205178 6.0 395
1738860205249 6.0 396
1738860205325 6.0 397
1738860205394 6.0 398
1738860205467 6.0 399
1738860205539 6.0 400
1738860205603 6.0 401
1738860205683 6.0 402
1738860205752 6.0 403
1738860205821 6.0 404
1738860205893 6.0 405
1738860205972 6.0 406
1738860206043 6.0 407
1738860206121 6.0 408
1738860206180 6.0 409
1738860206266 6.0 410
1738860206330 6.0 411
1738860206403 6.0 412
1738860206475 6.0 413
1738860206552 6.0 414
1738860206608 6.0 415
1738860206681 6.0 416
1738860206763 6.0 417
1738860206827 6.0 418
1738860206906 6.0 419
1738860206976 6.0 420
1738860207042 6.0 421
1738860207117 6.0 422
1738860207197 6.0 423
1738860207267 6.0 424
1738860207339 6.0 425
1738860207404 6.0 426
1738860207474 6.0 427
1738860207546 6.0 428
1738860207603 6.0 429
1738860207675 6.0 430
1738860207754 6.0 431
1738860207843 6.0 432
1738860207912 6.0 433
1738860208572 6.0 433
1738860208629 6.0 433
1738860208687 7.0 434
1738860208765 7.0 435
1738860208820 7.0 436
1738860208900 7.0 437
1738860208970 7.0 438
1738860209033 7.0 439
1738860209098 7.0 440
1738860209170 7.0 441
1738860209233 7.0 442
1738860209303 7.0 443
1738860209366 7.0 444
1738860209421 7.0 445
1738860209488 7.0 446
1738860209566 7.0 447
1738860209620 7.0 448
1738860209691 7.0 449
1738860209760 7.0 450
1738860209839 7.0 451
1738860209894 7.0 452
1738860209972 7.0 453
1738860210029 7.0 454
1738860210101 7.0 455
1738860210172 7.0 456
1738860210228 7.0 457
1738860210300 7.0 458
1738860210372 7.0 459
1738860210427 7.0 460
1738860210499 7.0 461
1738860210570 7.0 462
1738860210645 7.0 463
1738860210711 7.0 464
1738860210791 7.0 465
1738860210869 7.0 466
1738860210939 7.0 467
1738860211003 7.0 468
1738860211072 7.0 469
1738860211145 7.0 470
1738860211208 7.0 471
1738860211287 7.0 472
1738860211366 7.0 473
1738860211438 7.0 474
1738860211501 7.0 475
1738860211570 7.0 476
1738860211645 7.0 477
1738860211712 7.0 478
1738860211792 7.0 479
1738860211861 7.0 480
1738860211918 7.0 481
1738860212006 7.0 482
1738860212069 7.0 483
1738860212139 7.0 484
1738860212212 7.0 485
1738860212275 7.0 486
1738860212346 7.0 487
1738860212430 7.0 488
1738860212503 7.0 489
1738860212560 7.0 490
1738860212633 7.0 491
1738860212705 7.0 492
1738860212770 7.0 493
1738860212833 7.0 494
1738860212906 7.0 495
1738860213560 7.0 495
1738860213575 7.0 495
1738860213647 8.0 496
1738860213719 8.0 497
1738860213773 8.0 498
1738860213852 8.0 499
1738860213923 8.0 500
1738860213990 8.0 501
1738860214069 8.0 502
1738860214140 8.0 503
1738860214203 8.0 504
1738860214272 8.0 505
1738860214348 8.0 506
1738860214421 8.0 507
1738860214475 8.0 508
1738860214549 8.0 509
1738860214623 8.0 510
1738860214681 8.0 511
1738860214754 8.0 512
1738860214824 8.0 513
1738860214911 8.0 514
1738860214972 8.0 515
1738860215042 8.0 516
1738860215106 8.0 517
1738860215184 8.0 518
1738860215258 8.0 519
1738860215313 8.0 520
1738860215390 8.0 521
1738860215461 8.0 522
1738860215549 8.0 523
1738860215603 8.0 524
1738860215697 8.0 525
1738860215760 8.0 526
1738860215839 8.0 527
1738860215909 8.0 528
1738860215972 8.0 529
1738860216048 8.0 530
1738860216123 8.0 531
1738860216178 8.0 532
1738860216258 8.0 533
1738860216330 8.0 534
1738860216418 8.0 535
1738860216482 8.0 536
1738860216560 8.0 537
1738860216631 8.0 538
1738860216703 8.0 539
1738860216785 8.0 540
1738860216851 8.0 541
1738860216929 8.0 542
1738860217009 8.0 543
1738860217081 8.0 544
1738860217151 8.0 545
1738860217210 8.0 546
1738860217287 8.0 547
1738860217360 8.0 548
1738860217432 8.0 549
1738860217501 8.0 550
1738860217578 8.0 551
1738860217650 8.0 552
1738860217712 8.0 553
1738860217784 8.0 554
1738860217862 8.0 555
1738860217923 8.0 556
1738860218003 8.0 557
1738860218663 8.0 557
1738860218683 8.0 557
1738860218742 9.0 558
1738860218813 9.0 559
1738860218886 9.0 560
1738860218951 9.0 561
1738860219022 9.0 562
1738860219094 9.0 563
1738860219154 9.0 564
1738860219232 9.0 565
1738860219303 9.0 566
1738860219366 9.0 567
1738860219439 9.0 568
1738860219509 9.0 569
1738860219572 9.0 570
1738860219651 9.0 571
1738860219717 9.0 572
1738860219779 9.0 573
1738860219851 9.0 574
1738860219927 9.0 575
1738860219991 9.0 576
1738860220061 9.0 577
1738860220118 9.0 578
1738860220185 9.0 579
1738860220263 9.0 580
1738860220333 9.0 581
1738860220390 9.0 582
1738860220469 9.0 583
1738860220523 9.0 584
1738860220596 9.0 585
1738860220667 9.0 586
1738860220723 9.0 587
1738860220803 9.0 588
1738860220872 9.0 589
1738860220937 9.0 590
1738860221006 9.0 591
1738860221080 9.0 592
1738860221154 9.0 593
1738860221224 9.0 594
1738860221296 9.0 595
1738860221360 9.0 596
1738860221441 9.0 597
1738860221519 9.0 598
1738860221590 9.0 599
1738860221663 9.0 600
1738860221742 9.0 601
1738860221815 9.0 602
1738860221884 9.0 603
1738860221953 9.0 604
1738860222027 9.0 605
1738860222101 9.0 606
1738860222173 9.0 607
1738860222253 9.0 608
1738860222323 9.0 609
1738860222402 9.0 610
1738860222491 9.0 611
1738860222554 9.0 612
1738860222633 9.0 613
1738860222706 9.0 614
1738860222775 9.0 615
1738860222848 9.0 616
1738860222927 9.0 617
1738860223000 9.0 618
1738860223073 9.0 619
1738860223755 9.0 619
1738860223755 9.0 619
1738860225333 10.0 620
