1738860173614 0.7109807133674622 0
1738860173679 0.7116755247116089 1
1738860173735 0.6712684035301208 2
1738860173806 0.6908359527587891 3
1738860173893 0.7125266790390015 4
1738860173963 0.7081503868103027 5
1738860174027 0.6899987459182739 6
1738860174103 0.6762403249740601 7
1738860174173 0.6215713024139404 8
1738860174243 0.7118148803710938 9
1738860174300 0.669775128364563 10
1738860174373 0.6628670692443848 11
1738860174443 0.6640101671218872 12
1738860174499 0.6396994590759277 13
1738860174580 0.6643665432929993 14
1738860174644 0.6844960451126099 15
1738860174724 0.71197110414505 16
1738860174778 0.6610836982727051 17
1738860174857 0.6720228791236877 18
1738860174918 0.7018791437149048 19
1738860174982 0.6754927635192871 20
1738860175056 0.6781278252601624 21
1738860175118 0.7047679424285889 22
1738860175172 0.723953902721405 23
1738860175251 0.6344231367111206 24
1738860175323 0.6453686952590942 25
1738860175379 0.6176875829696655 26
1738860175439 0.6570899486541748 27
1738860175494 0.6837185621261597 28
1738860175566 0.6921983957290649 29
1738860175621 0.6379216909408569 30
1738860175693 0.6776514053344727 31
1738860175765 0.7650353908538818 32
1738860175828 0.6458187103271484 33
1738860175881 0.6786081790924072 34
1738860175953 0.7267875671386719 35
1738860176024 0.7052589654922485 36
1738860176084 0.676012396812439 37
1738860176141 0.7158957719802856 38
1738860176196 0.6515094637870789 39
1738860176273 0.6637675762176514 40
1738860176330 0.6704448461532593 41
1738860176384 0.6663225889205933 42
1738860176464 0.6540103554725647 43
1738860176534 0.6687734127044678 44
1738860176590 0.6973117589950562 45
1738860176662 0.6436706185340881 46
1738860176723 0.6584210395812988 47
1738860176793 0.6928554773330688 48
1738860176858 0.6824939250946045 49
1738860176927 0.6702115535736084 50
1738860176984 0.687845766544342 51
1738860177063 0.6609987616539001 52
1738860177119 0.6508157849311829 53
1738860177190 0.6284449100494385 54
1738860177260 0.6249756813049316 55
1738860177324 0.635108470916748 56
1738860177394 0.6319870948791504 57
1738860177468 0.6489509344100952 58
1738860177536 0.7554148435592651 59
1738860177607 0.6582305431365967 60
1738860177669 0.6678712368011475 61
1738860178347 0.6535629034042358 62
1738860178420 0.6918007135391235 63
1738860178481 0.6182665824890137 64
1738860178558 0.7082298398017883 65
1738860178620 0.7108180522918701 66
1738860178687 0.6625680923461914 67
1738860178760 0.6903300881385803 68
1738860178832 0.6650503873825073 69
1738860178895 0.6319848299026489 70
1738860178964 0.674705982208252 71
1738860179028 0.6675498485565186 72
1738860179100 0.621396005153656 73
1738860179153 0.6672221422195435 74
1738860179228 0.6633281707763672 75
1738860179282 0.6415731906890869 76
1738860179361 0.6251014471054077 77
1738860179443 0.6310824155807495 78
1738860179506 0.7409630417823792 79
1738860179560 0.6220076084136963 80
1738860179633 0.7289179563522339 81
1738860179705 0.6238753199577332 82
1738860179775 0.6024833917617798 83
1738860179840 0.6086221933364868 84
1738860179909 0.6306122541427612 85
1738860179983 0.6505625247955322 86
1738860180054 0.6240384578704834 87
1738860180121 0.7117984890937805 88
1738860180188 0.5672497749328613 89
1738860180244 0.654685378074646 90
1738860180339 0.6650799512863159 91
1738860180408 0.6133743524551392 92
1738860180474 0.7262172102928162 93
1738860180537 0.6781505346298218 94
1738860180606 0.567806601524353 95
1738860180663 0.7179466485977173 96
1738860180742 0.6534291505813599 97
1738860180821 0.7147383093833923 98
1738860180877 0.6615256071090698 99
1738860180948 0.6465504765510559 100
1738860181022 0.6807733178138733 101
1738860181103 0.680888295173645 102
1738860181160 0.7266689538955688 103
1738860181240 0.6569390296936035 104
1738860181309 0.6625103950500488 105
1738860181372 0.6338967084884644 106
1738860181445 0.6523643732070923 107
1738860181524 0.7316361665725708 108
1738860181579 0.6431647539138794 109
1738860181660 0.677210807800293 110
1738860181731 0.660683810710907 111
1738860181810 0.6403638124465942 112
1738860181888 0.6514056324958801 113
1738860181960 0.608151912689209 114
1738860182045 0.6696619987487793 115
1738860182123 0.6569783091545105 116
1738860182197 0.6251592040061951 117
1738860182277 0.6873795986175537 118
1738860182353 0.6490536332130432 119
1738860182430 0.6814702153205872 120
1738860182522 0.6516873240470886 121
1738860182599 0.6586675643920898 122
1738860182669 0.6555469036102295 123
1738860183381 0.675369918346405 124
1738860183455 0.6558133363723755 125
1738860183533 0.6465466022491455 126
1738860183590 0.5818585157394409 127
1738860183679 0.6452919244766235 128
1738860183758 0.5894945859909058 129
1738860183823 0.6610656380653381 130
1738860183890 0.5953582525253296 131
1738860183948 0.5864858031272888 132
1738860184025 0.6683838367462158 133
1738860184088 0.7125713229179382 134
1738860184148 0.6568294763565063 135
1738860184217 0.5892401933670044 136
1738860184279 0.5801183581352234 137
1738860184342 0.6413857936859131 138
1738860184403 0.6909233927726746 139
1738860184481 0.6142257452011108 140
1738860184543 0.6903932690620422 141
1738860184615 0.5847315192222595 142
1738860184688 0.6820015907287598 143
1738860184758 0.6482653021812439 144
1738860184824 0.6991233825683594 145
1738860184888 0.6530150771141052 146
1738860184967 0.6336621046066284 147
1738860185038 0.6204912662506104 148
1738860185106 0.624567985534668 149
1738860185175 0.6728574633598328 150
1738860185254 0.6349164247512817 151
1738860185329 0.6664613485336304 152
1738860185396 0.6330816149711609 153
1738860185460 0.6241980195045471 154
1738860185542 0.6368862390518188 155
1738860185625 0.779927134513855 156
1738860185687 0.719661295413971 157
1738860185766 0.5971298217773438 158
1738860185836 0.6330547332763672 159
1738860185922 0.6543445587158203 160
1738860185998 0.6604039669036865 161
1738860186077 0.642261266708374 162
1738860186156 0.6431918144226074 163
1738860186233 0.6661652326583862 164
1738860186299 0.5968426465988159 165
1738860186376 0.6461976766586304 166
1738860186445 0.6788985729217529 167
1738860186516 0.5955733060836792 168
1738860186567 0.6541457176208496 169
1738860186645 0.754717230796814 170
1738860186725 0.6183227300643921 171
1738860186809 0.6385736465454102 172
1738860186879 0.6981156468391418 173
1738860186936 0.6730585098266602 174
1738860187031 0.6612165570259094 175
1738860187088 0.5724489688873291 176
1738860187164 0.6498394012451172 177
1738860187232 0.7690447568893433 178
1738860187294 0.6533916592597961 179
1738860187372 0.6184037923812866 180
1738860187448 0.723419189453125 181
1738860187525 0.6201549768447876 182
1738860187591 0.6409201622009277 183
1738860187669 0.6714588403701782 184
1738860187741 0.6777222156524658 185
1738860188476 0.6490622758865356 186
1738860188547 0.672147274017334 187
1738860188608 0.6712494492530823 188
1738860188675 0.6289935111999512 189
1738860188754 0.6590390205383301 190
1738860188821 0.6293817758560181 191
1738860188888 0.6217321157455444 192
1738860188947 0.6212002038955688 193
1738860189016 0.6899980902671814 194
1738860189070 0.6417449712753296 195
1738860189141 0.6467975378036499 196
1738860189214 0.5611920356750488 197
1738860189287 0.6538724899291992 198
1738860189348 0.5862823724746704 199
1738860189426 0.6113953590393066 200
1738860189494 0.6646040081977844 201
1738860189566 0.6232793927192688 202
1738860189637 0.5737733244895935 203
1738860189710 0.6193737387657166 204
1738860189773 0.6402099132537842 205
1738860189827 0.6881668567657471 206
1738860189900 0.6196505427360535 207
1738860189984 0.717472493648529 208
1738860190058 0.6056468486785889 209
1738860190131 0.6482642292976379 210
1738860190186 0.5423994660377502 211
1738860190257 0.6544915437698364 212
1738860190329 0.586336612701416 213
1738860190412 0.7425580024719238 214
1738860190477 0.6778581142425537 215
1738860190545 0.6804795265197754 216
1738860190628 0.5892884731292725 217
1738860190709 0.6492999792098999 218
1738860190772 0.6689000129699707 219
1738860190843 0.6773662567138672 220
1738860190931 0.6970968246459961 221
1738860191004 0.6368135213851929 222
1738860191082 0.6261088848114014 223
1738860191154 0.6214222311973572 224
1738860191226 0.6854632496833801 225
1738860191300 0.657340407371521 226
1738860191374 0.59196937084198 227
1738860191438 0.7215859889984131 228
1738860191499 0.6098031401634216 229
1738860191579 0.6355255246162415 230
1738860191653 0.6703978180885315 231
1738860191721 0.6333216428756714 232
1738860191778 0.6493207216262817 233
1738860191858 0.623584508895874 234
1738860191937 0.6584405899047852 235
1738860192016 0.521418571472168 236
1738860192087 0.6067503094673157 237
1738860192155 0.6951253414154053 238
1738860192215 0.6579585671424866 239
1738860192287 0.7426010966300964 240
1738860192358 0.6477529406547546 241
1738860192414 0.6522382497787476 242
1738860192492 0.6196416020393372 243
1738860192549 0.6311878561973572 244
1738860192626 0.7187801599502563 245
1738860192693 0.6842931509017944 246
1738860192772 0.634101927280426 247
1738860193540 0.6216820478439331 248
1738860193626 0.6075190305709839 249
1738860193694 0.6760133504867554 250
1738860193769 0.6212008595466614 251
1738860193846 0.6286593079566956 252
1738860193916 0.6225228309631348 253
1738860193998 0.6937367916107178 254
1738860194073 0.5918863415718079 255
1738860194143 0.5949851274490356 256
1738860194209 0.6163882613182068 257
1738860194281 0.5998093485832214 258
1738860194357 0.6555511355400085 259
1738860194421 0.5866121053695679 260
1738860194493 0.6194759607315063 261
1738860194555 0.6307885050773621 262
1738860194632 0.5817108750343323 263
1738860194715 0.676237940788269 264
1738860194772 0.6721739768981934 265
1738860194845 0.5761496424674988 266
1738860194920 0.6726831197738647 267
1738860194977 0.6890143156051636 268
1738860195045 0.6001492738723755 269
1738860195115 0.5889878273010254 270
1738860195178 0.7210338115692139 271
1738860195232 0.6880949139595032 272
1738860195305 0.6547130346298218 273
1738860195385 0.5760566592216492 274
1738860195455 0.6705397367477417 275
1738860195518 0.5973215103149414 276
1738860195587 0.659493088722229 277
1738860195663 0.5884835720062256 278
1738860195745 0.6628596782684326 279
1738860195815 0.5834800004959106 280
1738860195887 0.6657528877258301 281
1738860195960 0.6061893105506897 282
1738860196021 0.6214012503623962 283
1738860196091 0.6678255796432495 284
1738860196154 0.678922176361084 285
1738860196226 0.6667302846908569 286
1738860196287 0.658028781414032 287
1738860196366 0.5765810012817383 288
1738860196433 0.6372899413108826 289
1738860196494 0.6578800082206726 290
1738860196566 0.7009830474853516 291
1738860196636 0.6212130188941956 292
1738860196701 0.55657958984375 293
1738860196769 0.5851808786392212 294
1738860196848 0.6029213070869446 295
1738860196912 0.6699567437171936 296
1738860196981 0.670107901096344 297
1738860197051 0.6347700357437134 298
1738860197134 0.6233060359954834 299
1738860197204 0.6313142776489258 300
1738860197274 0.5914053916931152 301
1738860197335 0.5348352789878845 302
1738860197415 0.6575866937637329 303
1738860197469 0.6421868205070496 304
1738860197541 0.5539601445198059 305
1738860197616 0.6300314664840698 306
1738860197694 0.5984092950820923 307
1738860197766 0.6622912883758545 308
1738860197834 0.58287513256073 309
1738860198548 0.6433514356613159 310
1738860198625 0.5779781937599182 311
1738860198697 0.5021913051605225 312
1738860198770 0.6517139673233032 313
1738860198840 0.6330814361572266 314
1738860198893 0.5922462940216064 315
1738860198967 0.641428530216217 316
1738860199055 0.6072083115577698 317
1738860199112 0.5713484287261963 318
1738860199184 0.6383094191551208 319
1738860199263 0.6677209138870239 320
1738860199336 0.6617051362991333 321
1738860199406 0.6118837594985962 322
1738860199469 0.6437481045722961 323
1738860199543 0.6836315989494324 324
1738860199606 0.5644646286964417 325
1738860199682 0.5750277638435364 326
1738860199736 0.6024398803710938 327
1738860199815 0.5833341479301453 328
1738860199869 0.5863025784492493 329
1738860199942 0.617016613483429 330
1738860200014 0.6363964080810547 331
1738860200095 0.5556888580322266 332
1738860200165 0.6174947023391724 333
1738860200237 0.5510561466217041 334
1738860200294 0.6175843477249146 335
1738860200368 0.6437307000160217 336
1738860200438 0.6325585842132568 337
1738860200518 0.6213739514350891 338
1738860200590 0.6037128567695618 339
1738860200651 0.5977342128753662 340
1738860200721 0.6105444431304932 341
1738860200794 0.658406674861908 342
1738860200857 0.6294615864753723 343
1738860200938 0.5416380167007446 344
1738860201014 0.5799311995506287 345
1738860201088 0.6823291182518005 346
1738860201157 0.6074526309967041 347
1738860201222 0.6407774686813354 348
1738860201293 0.6131985783576965 349
1738860201355 0.6354811191558838 350
1738860201427 0.5135189890861511 351
1738860201494 0.6717305779457092 352
1738860201566 0.5973788499832153 353
1738860201645 0.6897221803665161 354
1738860201724 0.6737176179885864 355
1738860201796 0.5631376504898071 356
1738860201866 0.5483620166778564 357
1738860201953 0.6095594167709351 358
1738860202015 0.594141960144043 359
1738860202087 0.6317356824874878 360
1738860202154 0.6048682928085327 361
1738860202233 0.5778788924217224 362
1738860202303 0.6423829197883606 363
1738860202360 0.6780986785888672 364
1738860202439 0.6273994445800781 365
1738860202499 0.6348419189453125 366
1738860202588 0.7655894160270691 367
1738860202652 0.5691283941268921 368
1738860202724 0.5570300817489624 369
1738860202800 0.6228633522987366 370
1738860202863 0.6102073788642883 371
1738860203621 0.5450454950332642 372
1738860203681 0.6549403667449951 373
1738860203742 0.6624118089675903 374
1738860203816 0.5497473478317261 375
1738860203884 0.658416748046875 376
1738860203948 0.606734573841095 377
1738860204002 0.6768902540206909 378
1738860204083 0.6111200451850891 379
1738860204160 0.580017626285553 380
1738860204240 0.5987082123756409 381
1738860204304 0.6134881377220154 382
1738860204378 0.584359884262085 383
1738860204440 0.5674833059310913 384
1738860204507 0.49694615602493286 385
1738860204579 0.5330849885940552 386
1738860204641 0.6091449856758118 387
1738860204713 0.6043820381164551 388
1738860204790 0.6373841166496277 389
1738860204854 0.7238381505012512 390
1738860204918 0.5838097333908081 391
1738860204990 0.5796788930892944 392
1738860205051 0.6565555334091187 393
1738860205107 0.5834674835205078 394
1738860205178 0.6351444125175476 395
1738860205249 0.6779294013977051 396
1738860205325 0.5477856993675232 397
1738860205394 0.6672708988189697 398
1738860205467 0.5321497321128845 399
1738860205539 0.6176208257675171 400
1738860205603 0.6277120113372803 401
1738860205683 0.6460155248641968 402
1738860205752 0.6091290712356567 403
1738860205821 0.632436990737915 404
1738860205893 0.6256079077720642 405
1738860205972 0.6009232401847839 406
1738860206043 0.5971195697784424 407
1738860206121 0.5921327471733093 408
1738860206180 0.5397312641143799 409
1738860206266 0.5949825048446655 410
1738860206330 0.5698866844177246 411
1738860206403 0.5349531173706055 412
1738860206475 0.6121476888656616 413
1738860206552 0.566569447517395 414
1738860206608 0.5960076451301575 415
1738860206681 0.6893343925476074 416
1738860206763 0.593905508518219 417
1738860206827 0.597294807434082 418
1738860206906 0.6798921227455139 419
1738860206976 0.586503267288208 420
1738860207042 0.5976420640945435 421
1738860207117 0.6043037176132202 422
1738860207197 0.5954796075820923 423
1738860207267 0.6319282650947571 424
1738860207339 0.5279457569122314 425
1738860207404 0.6414414644241333 426
1738860207474 0.5988115668296814 427
1738860207546 0.5969086289405823 428
1738860207603 0.6087130308151245 429
1738860207675 0.6029544472694397 430
1738860207754 0.5316205620765686 431
1738860207843 0.5805537700653076 432
1738860207912 0.6336833834648132 433
1738860208687 0.6543217897415161 434
1738860208765 0.47043749690055847 435
1738860208820 0.6292093992233276 436
1738860208900 0.5075184106826782 437
1738860208970 0.6681918501853943 438
1738860209033 0.5452171564102173 439
1738860209098 0.4898723065853119 440
1738860209170 0.5353292226791382 441
1738860209233 0.5612789392471313 442
1738860209303 0.6029975414276123 443
1738860209366 0.6212199926376343 444
1738860209421 0.5986147522926331 445
1738860209488 0.5877280235290527 446
1738860209566 0.6401915550231934 447
1738860209620 0.6204260587692261 448
1738860209691 0.5393635630607605 449
1738860209760 0.6001870632171631 450
1738860209839 0.5690776109695435 451
1738860209894 0.6076023578643799 452
1738860209972 0.6280249357223511 453
1738860210029 0.5326271057128906 454
1738860210101 0.6503707766532898 455
1738860210172 0.5569145679473877 456
1738860210228 0.6033680438995361 457
1738860210300 0.5616153478622437 458
1738860210372 0.6977838277816772 459
1738860210427 0.5966572761535645 460
1738860210499 0.5815796852111816 461
1738860210570 0.6390587687492371 462
1738860210645 0.5849531888961792 463
1738860210711 0.6023932695388794 464
1738860210791 0.5383766889572144 465
1738860210869 0.636472225189209 466
1738860210939 0.5710413455963135 467
1738860211003 0.6563364267349243 468
1738860211072 0.5545995831489563 469
1738860211145 0.5210444927215576 470
1738860211208 0.5725502967834473 471
1738860211287 0.5127419233322144 472
1738860211366 0.614777684211731 473
1738860211438 0.5015602707862854 474
1738860211501 0.7035421133041382 475
1738860211570 0.5406287312507629 476
1738860211645 0.5702645182609558 477
1738860211712 0.6371229887008667 478
1738860211792 0.5843754410743713 479
1738860211861 0.6176266670227051 480
1738860211918 0.6030759811401367 481
1738860212006 0.541944682598114 482
1738860212069 0.6625093221664429 483
1738860212139 0.5397689938545227 484
1738860212212 0.6008763313293457 485
1738860212275 0.7178981304168701 486
1738860212346 0.5133734941482544 487
1738860212430 0.7349320650100708 488
1738860212503 0.5518795251846313 489
1738860212560 0.6681516170501709 490
1738860212633 0.543289303779602 491
1738860212705 0.5624256730079651 492
1738860212770 0.6637554168701172 493
1738860212833 0.7069185972213745 494
1738860212906 0.6061529517173767 495
1738860213647 0.6094744205474854 496
1738860213719 0.5585429668426514 497
1738860213773 0.5754265785217285 498
1738860213852 0.5988507866859436 499
1738860213923 0.6082269549369812 500
1738860213990 0.5295280814170837 501
1738860214069 0.5085943937301636 502
1738860214140 0.6315598487854004 503
1738860214203 0.5987621545791626 504
1738860214272 0.48890042304992676 505
1738860214348 0.549591064453125 506
1738860214421 0.4742398262023926 507
1738860214475 0.5892192721366882 508
1738860214549 0.5783132314682007 509
1738860214623 0.6057611703872681 510
1738860214681 0.5466970801353455 511
1738860214754 0.645721435546875 512
1738860214824 0.5220738053321838 513
1738860214911 0.5121273994445801 514
1738860214972 0.6422138810157776 515
1738860215042 0.5304785966873169 516
1738860215106 0.5349761247634888 517
1738860215184 0.5760722160339355 518
1738860215258 0.5719799995422363 519
1738860215313 0.5387223362922668 520
1738860215390 0.49117162823677063 521
1738860215461 0.6602544188499451 522
1738860215549 0.5164567232131958 523
1738860215603 0.577380895614624 524
1738860215697 0.6155614256858826 525
1738860215760 0.6412609219551086 526
1738860215839 0.565990686416626 527
1738860215909 0.5376096963882446 528
1738860215972 0.5301295518875122 529
1738860216048 0.625785768032074 530
1738860216123 0.49931392073631287 531
1738860216178 0.5967466831207275 532
1738860216258 0.640761137008667 533
1738860216330 0.5635838508605957 534
1738860216418 0.5963068008422852 535
1738860216482 0.5664286613464355 536
1738860216560 0.4654287099838257 537
1738860216631 0.4884476661682129 538
1738860216703 0.5089114904403687 539
1738860216785 0.5940396785736084 540
1738860216851 0.5769655704498291 541
1738860216929 0.6609624028205872 542
1738860217009 0.5970094203948975 543
1738860217081 0.6224513053894043 544
1738860217151 0.6667245626449585 545
1738860217210 0.5725827217102051 546
1738860217287 0.6118869185447693 547
1738860217360 0.6755663752555847 548
1738860217432 0.5443902611732483 549
1738860217501 0.6365622878074646 550
1738860217578 0.606831967830658 551
1738860217650 0.5144922733306885 552
1738860217712 0.5557960867881775 553
1738860217784 0.6250991225242615 554
1738860217862 0.5851284265518188 555
1738860217923 0.567473292350769 556
1738860218003 0.6151289343833923 557
1738860218742 0.5755805969238281 558
1738860218813 0.6558228731155396 559
1738860218886 0.5124642848968506 560
1738860218951 0.5457638502120972 561
1738860219022 0.5203030109405518 562
1738860219094 0.5677909851074219 563
1738860219154 0.5745457410812378 564
1738860219232 0.5919743776321411 565
1738860219303 0.5792319774627686 566
1738860219366 0.5820958018302917 567
1738860219439 0.48044559359550476 568
1738860219509 0.5310125946998596 569
1738860219572 0.4714462459087372 570
1738860219651 0.547542929649353 571
1738860219717 0.517900288105011 572
1738860219779 0.5676305294036865 573
1738860219851 0.629051148891449 574
1738860219927 0.5322339534759521 575
1738860219991 0.4877505600452423 576
1738860220061 0.4660226106643677 577
1738860220118 0.6296899318695068 578
1738860220185 0.6893300414085388 579
1738860220263 0.5603426694869995 580
1738860220333 0.7049108743667603 581
1738860220390 0.5864514112472534 582
1738860220469 0.586229681968689 583
1738860220523 0.6088302135467529 584
1738860220596 0.6116864681243896 585
1738860220667 0.5667945146560669 586
1738860220723 0.5670637488365173 587
1738860220803 0.5651626586914062 588
1738860220872 0.488319456577301 589
1738860220937 0.6289341449737549 590
1738860221006 0.6619055867195129 591
1738860221080 0.5596032738685608 592
1738860221154 0.49998214840888977 593
1738860221224 0.611473798751831 594
1738860221296 0.5790585279464722 595
1738860221360 0.6089146137237549 596
1738860221441 0.5245869159698486 597
1738860221519 0.5395697355270386 598
1738860221590 0.5435504913330078 599
1738860221663 0.516787052154541 600
1738860221742 0.49221527576446533 601
1738860221815 0.5692668557167053 602
1738860221884 0.44125330448150635 603
1738860221953 0.575287938117981 604
1738860222027 0.5809128880500793 605
1738860222101 0.5997228622436523 606
1738860222173 0.5282343626022339 607
1738860222253 0.5371192693710327 608
1738860222323 0.565277099609375 609
1738860222402 0.4999485909938812 610
1738860222491 0.43762102723121643 611
1738860222554 0.4967963695526123 612
1738860222633 0.5106571316719055 613
1738860222706 0.5946448445320129 614
1738860222775 0.5300064086914062 615
1738860222848 0.7047157287597656 616
1738860222927 0.6110112071037292 617
1738860223000 0.648261547088623 618
1738860223073 0.6371675729751587 619
