1739110572864 0.6863521337509155 0
1739110572930 0.654118537902832 1
1739110573000 0.70942622423172 2
1739110573065 0.6710001230239868 3
1739110573131 0.7067870497703552 4
1739110573195 0.6651760935783386 5
1739110573256 0.6657986640930176 6
1739110573316 0.7089204788208008 7
1739110573384 0.6975526213645935 8
1739110573458 0.6562497019767761 9
1739110573522 0.6402443647384644 10
1739110573582 0.7012914419174194 11
1739110573646 0.6982568502426147 12
1739110573718 0.614626407623291 13
1739110573789 0.6412448883056641 14
1739110573855 0.6708506345748901 15
1739110573933 0.6787898540496826 16
1739110574009 0.6235198974609375 17
1739110574078 0.6588345170021057 18
1739110574141 0.687275230884552 19
1739110574199 0.6565886735916138 20
1739110574264 0.6638953685760498 21
1739110574329 0.7349434494972229 22
1739110574396 0.6701462864875793 23
1739110574457 0.6326418519020081 24
1739110574516 0.6526179313659668 25
1739110574578 0.6974567770957947 26
1739110574641 0.6325100660324097 27
1739110574706 0.671566367149353 28
1739110574764 0.6389502286911011 29
1739110574840 0.6691598892211914 30
1739110574907 0.6487818956375122 31
1739110574970 0.6602613925933838 32
1739110575040 0.6808047294616699 33
1739110575109 0.6419981718063354 34
1739110575167 0.6027919054031372 35
1739110575222 0.6390963196754456 36
1739110575286 0.7311466932296753 37
1739110575341 0.656681478023529 38
1739110575413 0.6883194446563721 39
1739110575473 0.7470768690109253 40
1739110575540 0.5863530039787292 41
1739110575609 0.6189826130867004 42
1739110575675 0.6532795429229736 43
1739110575739 0.6570429801940918 44
1739110575799 0.7198163270950317 45
1739110575857 0.6255323886871338 46
1739110575929 0.6555215716362 47
1739110575998 0.7295100688934326 48
1739110576058 0.6664280891418457 49
1739110576126 0.6729037761688232 50
1739110576191 0.6301651000976562 51
1739110576254 0.6715482473373413 52
1739110576313 0.6904792785644531 53
1739110576376 0.6676222085952759 54
1739110576445 0.6740177869796753 55
1739110576515 0.6316728591918945 56
1739110576589 0.6710110902786255 57
1739110576649 0.6890127062797546 58
1739110576710 0.6354655623435974 59
1739110576769 0.6214486360549927 60
1739110576826 0.6851730346679688 61
1739110577446 0.6295032501220703 62
1739110577506 0.6946066617965698 63
1739110577567 0.6626724600791931 64
1739110577633 0.656104326248169 65
1739110577696 0.6935467720031738 66
1739110577764 0.6222558617591858 67
1739110577832 0.6787302494049072 68
1739110577887 0.7250211238861084 69
1739110577944 0.5571190118789673 70
1739110578008 0.5989435911178589 71
1739110578067 0.6304839849472046 72
1739110578124 0.7598075866699219 73
1739110578184 0.6344609260559082 74
1739110578245 0.6022791862487793 75
1739110578313 0.679714560508728 76
1739110578372 0.7080426216125488 77
1739110578445 0.629543662071228 78
1739110578510 0.647702157497406 79
1739110578574 0.7029528617858887 80
1739110578641 0.6665781736373901 81
1739110578707 0.6645217537879944 82
1739110578773 0.6351842880249023 83
1739110578835 0.6405835151672363 84
1739110578899 0.6225194931030273 85
1739110578974 0.6109314560890198 86
1739110579044 0.6643348932266235 87
1739110579112 0.6495151519775391 88
1739110579181 0.6908578276634216 89
1739110579244 0.6544225215911865 90
1739110579312 0.6141660809516907 91
1739110579385 0.6363458633422852 92
1739110579452 0.7268985509872437 93
1739110579517 0.641482949256897 94
1739110579590 0.7365595698356628 95
1739110579656 0.6771746873855591 96
1739110579721 0.6629656553268433 97
1739110579795 0.6443442106246948 98
1739110579860 0.6796030402183533 99
1739110579925 0.6069628596305847 100
1739110579993 0.6564264297485352 101
1739110580065 0.7037533521652222 102
1739110580134 0.6903705596923828 103
1739110580197 0.666860044002533 104
1739110580260 0.6780470013618469 105
1739110580328 0.6812071204185486 106
1739110580393 0.6819425821304321 107
1739110580466 0.7105175256729126 108
1739110580534 0.69374680519104 109
1739110580607 0.6561278700828552 110
1739110580678 0.5989475250244141 111
1739110580741 0.6557551622390747 112
1739110580803 0.6493093967437744 113
1739110580873 0.6745284199714661 114
1739110580946 0.6566157937049866 115
1739110581017 0.697818398475647 116
1739110581082 0.6840593814849854 117
1739110581156 0.7608237862586975 118
1739110581223 0.6840545535087585 119
1739110581291 0.6810265779495239 120
1739110581362 0.6684943437576294 121
1739110581432 0.7335626482963562 122
1739110581498 0.7153745889663696 123
1739110582248 0.6485795974731445 124
1739110582312 0.694175124168396 125
1739110582375 0.6596633195877075 126
1739110582439 0.6193928718566895 127
1739110582501 0.6422799229621887 128
1739110582571 0.6158416271209717 129
1739110582639 0.6763867139816284 130
1739110582707 0.6208269596099854 131
1739110582769 0.7317540645599365 132
1739110582832 0.6687390804290771 133
1739110582905 0.6522190570831299 134
1739110582969 0.7140998840332031 135
1739110583038 0.6997092962265015 136
1739110583105 0.6430339813232422 137
1739110583167 0.7050940990447998 138
1739110583230 0.7210045456886292 139
1739110583295 0.6849431991577148 140
1739110583359 0.694242000579834 141
1739110583424 0.6643654108047485 142
1739110583493 0.6790280342102051 143
1739110583557 0.666885495185852 144
1739110583625 0.6224468946456909 145
1739110583688 0.6945055723190308 146
1739110583757 0.730638861656189 147
1739110583822 0.7527167201042175 148
1739110583894 0.6855713725090027 149
1739110583965 0.6563900113105774 150
1739110584030 0.6342040300369263 151
1739110584100 0.6544743776321411 152
1739110584170 0.6055073738098145 153
1739110584241 0.7237714529037476 154
1739110584306 0.6979639530181885 155
1739110584374 0.6418184041976929 156
1739110584444 0.5807286500930786 157
1739110584512 0.6417443156242371 158
1739110584589 0.6594580411911011 159
1739110584659 0.7435035109519958 160
1739110584734 0.6472796201705933 161
1739110584800 0.6596583724021912 162
1739110584873 0.6840424537658691 163
1739110584946 0.6586436033248901 164
1739110585024 0.6102986335754395 165
1739110585096 0.682258129119873 166
1739110585169 0.7010785341262817 167
1739110585241 0.6659793853759766 168
1739110585309 0.6111536026000977 169
1739110585382 0.6337382793426514 170
1739110585449 0.6321165561676025 171
1739110585523 0.6831843852996826 172
1739110585591 0.6840013265609741 173
1739110585666 0.6170009970664978 174
1739110585739 0.5919522643089294 175
1739110585814 0.6748268604278564 176
1739110585880 0.5835918188095093 177
1739110585949 0.7438346743583679 178
1739110586022 0.5962780714035034 179
1739110586089 0.6485673189163208 180
1739110586157 0.6615675687789917 181
1739110586231 0.6461968421936035 182
1739110586307 0.6584030985832214 183
1739110586376 0.6515772938728333 184
1739110586445 0.711912214756012 185
1739110587145 0.6986147165298462 186
1739110587208 0.6606000661849976 187
1739110587268 0.650903582572937 188
1739110587329 0.6670700907707214 189
1739110587402 0.6585627794265747 190
1739110587466 0.622982382774353 191
1739110587530 0.7315536737442017 192
1739110587600 0.6614866852760315 193
1739110587665 0.6113256216049194 194
1739110587728 0.7714517116546631 195
1739110587792 0.6923969984054565 196
1739110587859 0.6528481841087341 197
1739110587926 0.6522750854492188 198
1739110588002 0.749387264251709 199
1739110588068 0.6951459050178528 200
1739110588132 0.674467921257019 201
1739110588194 0.6883355379104614 202
1739110588257 0.7161521911621094 203
1739110588326 0.611640214920044 204
1739110588393 0.6368330121040344 205
1739110588455 0.6071085333824158 206
1739110588518 0.6487582325935364 207
1739110588583 0.6406069397926331 208
1739110588649 0.6027346253395081 209
1739110588711 0.6838457584381104 210
1739110588782 0.7043552994728088 211
1739110588848 0.6973021030426025 212
1739110588919 0.6048978567123413 213
1739110588991 0.5851064920425415 214
1739110589055 0.5847083926200867 215
1739110589117 0.6910648345947266 216
1739110589182 0.6468095183372498 217
1739110589248 0.5874239206314087 218
1739110589314 0.6425236463546753 219
1739110589380 0.5609748959541321 220
1739110589446 0.6727087497711182 221
1739110589509 0.7021191716194153 222
1739110589582 0.5950722694396973 223
1739110589650 0.6883605718612671 224
1739110589717 0.6656954884529114 225
1739110589783 0.7834352254867554 226
1739110589850 0.6623530983924866 227
1739110589920 0.7122242450714111 228
1739110589986 0.6539338827133179 229
1739110590056 0.6651644706726074 230
1739110590121 0.6880630850791931 231
1739110590185 0.6732020378112793 232
1739110590250 0.64055335521698 233
1739110590323 0.6606335043907166 234
1739110590394 0.6493998765945435 235
1739110590458 0.6647497415542603 236
1739110590521 0.6879069209098816 237
1739110590598 0.6730673909187317 238
1739110590664 0.6311014890670776 239
1739110590730 0.6852785348892212 240
1739110590798 0.6764932870864868 241
1739110590867 0.6638163924217224 242
1739110590932 0.6934747695922852 243
1739110591006 0.6814063787460327 244
1739110591071 0.6004258394241333 245
1739110591143 0.669408917427063 246
1739110591210 0.6651540994644165 247
1739110591945 0.6276898384094238 248
1739110592013 0.61072838306427 249
1739110592079 0.6166952848434448 250
1739110592148 0.6291342973709106 251
1739110592216 0.6824324727058411 252
1739110592283 0.6275976896286011 253
1739110592350 0.6376800537109375 254
1739110592412 0.6762385368347168 255
1739110592482 0.6693058609962463 256
1739110592552 0.6094741821289062 257
1739110592612 0.6324453353881836 258
1739110592676 0.649990975856781 259
1739110592740 0.7191812992095947 260
1739110592806 0.6236299276351929 261
1739110592874 0.6700006723403931 262
1739110592944 0.6449936032295227 263
1739110593012 0.6498293876647949 264
1739110593074 0.6551834940910339 265
1739110593139 0.6720772981643677 266
1739110593206 0.7117159366607666 267
1739110593270 0.6423016786575317 268
1739110593335 0.5939241051673889 269
1739110593402 0.5917859673500061 270
1739110593470 0.6479618549346924 271
1739110593546 0.6436689496040344 272
1739110593611 0.6832495927810669 273
1739110593676 0.7229391932487488 274
1739110593749 0.6599921584129333 275
1739110593812 0.6125218868255615 276
1739110593884 0.5667526721954346 277
1739110593955 0.6095181703567505 278
1739110594030 0.6243785619735718 279
1739110594097 0.6094244122505188 280
1739110594161 0.6490018963813782 281
1739110594227 0.5784657597541809 282
1739110594291 0.5216888785362244 283
1739110594355 0.7553457021713257 284
1739110594422 0.5712528228759766 285
1739110594486 0.6756273508071899 286
1739110594551 0.675318717956543 287
1739110594621 0.7520699501037598 288
1739110594694 0.6554195880889893 289
1739110594758 0.7080923914909363 290
1739110594830 0.6481549739837646 291
1739110594893 0.5754081010818481 292
1739110594961 0.7407580614089966 293
1739110595028 0.6598324775695801 294
1739110595097 0.7096166610717773 295
1739110595166 0.6787204146385193 296
1739110595232 0.7050755023956299 297
1739110595305 0.6773674488067627 298
1739110595378 0.6549052000045776 299
1739110595442 0.6226455569267273 300
1739110595509 0.6460810899734497 301
1739110595584 0.6270643472671509 302
1739110595659 0.639748215675354 303
1739110595726 0.7031665444374084 304
1739110595793 0.6389198303222656 305
1739110595864 0.6228717565536499 306
1739110595930 0.6472456455230713 307
1739110595999 0.5476881265640259 308
1739110596061 0.6777915358543396 309
1739110596835 0.6477216482162476 310
1739110596904 0.6765925884246826 311
1739110596976 0.5845195055007935 312
1739110597045 0.6325688362121582 313
1739110597109 0.56779545545578 314
1739110597176 0.7000219821929932 315
1739110597242 0.5452953577041626 316
1739110597306 0.5719788074493408 317
1739110597370 0.6175612211227417 318
1739110597437 0.5864983201026917 319
1739110597500 0.6057453155517578 320
1739110597573 0.6307474970817566 321
1739110597637 0.5944325923919678 322
1739110597703 0.5226030945777893 323
1739110597769 0.6149841547012329 324
1739110597841 0.6917710900306702 325
1739110597913 0.6324338912963867 326
1739110597976 0.7469894886016846 327
1739110598039 0.6048247814178467 328
1739110598102 0.7086446285247803 329
1739110598171 0.6132874488830566 330
1739110598238 0.7026239633560181 331
1739110598303 0.5979552268981934 332
1739110598368 0.6331814527511597 333
1739110598432 0.5936952829360962 334
1739110598501 0.6116262674331665 335
1739110598571 0.6189581155776978 336
1739110598634 0.6561086773872375 337
1739110598701 0.6192553043365479 338
1739110598768 0.6795923709869385 339
1739110598838 0.5918475389480591 340
1739110598905 0.628456175327301 341
1739110598970 0.6370559930801392 342
1739110599046 0.6375671625137329 343
1739110599115 0.6391228437423706 344
1739110599189 0.7710120677947998 345
1739110599263 0.6785997152328491 346
1739110599331 0.6760593056678772 347
1739110599399 0.6308946013450623 348
1739110599468 0.596257746219635 349
1739110599533 0.6729552745819092 350
1739110599600 0.5856106281280518 351
1739110599668 0.6259530782699585 352
1739110599732 0.5583884119987488 353
1739110599802 0.6053697466850281 354
1739110599873 0.6827677488327026 355
1739110599943 0.7159069776535034 356
1739110600010 0.6363036036491394 357
1739110600082 0.6260389089584351 358
1739110600148 0.6057953238487244 359
1739110600222 0.6345531940460205 360
1739110600291 0.6734956502914429 361
1739110600360 0.6512374877929688 362
1739110600427 0.6915544271469116 363
1739110600496 0.6692273616790771 364
1739110600571 0.5774756669998169 365
1739110600640 0.6708620190620422 366
1739110600703 0.6783434152603149 367
1739110600769 0.6594196557998657 368
1739110600838 0.6176245212554932 369
1739110600902 0.6322635412216187 370
1739110600970 0.658231258392334 371
1739110601681 0.5921082496643066 372
1739110601754 0.6371318101882935 373
1739110601819 0.6059603691101074 374
1739110601884 0.5351352095603943 375
1739110601947 0.650660514831543 376
1739110602015 0.6393073797225952 377
1739110602083 0.6827677488327026 378
1739110602151 0.6046485900878906 379
1739110602213 0.5948394536972046 380
1739110602275 0.6665966510772705 381
1739110602337 0.6128115653991699 382
1739110602399 0.6774325370788574 383
1739110602461 0.6139592528343201 384
1739110602527 0.6804409623146057 385
1739110602592 0.6567366123199463 386
1739110602655 0.5803208947181702 387
1739110602726 0.6698694229125977 388
1739110602788 0.5755118727684021 389
1739110602855 0.5415791273117065 390
1739110602914 0.59151291847229 391
1739110602979 0.5732235312461853 392
1739110603040 0.6038353443145752 393
1739110603112 0.5619475245475769 394
1739110603177 0.6092114448547363 395
1739110603241 0.628824770450592 396
1739110603309 0.6109738349914551 397
1739110603370 0.641716480255127 398
1739110603437 0.6411236524581909 399
1739110603505 0.6399404406547546 400
1739110603571 0.5466650724411011 401
1739110603646 0.612785279750824 402
1739110603713 0.608141303062439 403
1739110603785 0.5364936590194702 404
1739110603853 0.6421878933906555 405
1739110603919 0.6125927567481995 406
1739110603990 0.6800562143325806 407
1739110604055 0.6736863255500793 408
1739110604120 0.6581819653511047 409
1739110604190 0.6094659566879272 410
1739110604260 0.6684356927871704 411
1739110604332 0.7036011815071106 412
1739110604398 0.5156205296516418 413
1739110604464 0.6376380920410156 414
1739110604529 0.5965213775634766 415
1739110604595 0.5675288438796997 416
1739110604661 0.6352564096450806 417
1739110604728 0.6150093078613281 418
1739110604792 0.5968955755233765 419
1739110604865 0.6137394905090332 420
1739110604933 0.6225842833518982 421
1739110605002 0.6982675790786743 422
1739110605066 0.6558517813682556 423
1739110605135 0.5401433706283569 424
1739110605208 0.6868734359741211 425
1739110605275 0.6441909670829773 426
1739110605342 0.5811163187026978 427
1739110605411 0.6952472925186157 428
1739110605483 0.5953372716903687 429
1739110605552 0.7019792795181274 430
1739110605624 0.598555326461792 431
1739110605697 0.642354428768158 432
1739110605761 0.6455694437026978 433
1739110606474 0.6900595426559448 434
1739110606538 0.6944323778152466 435
1739110606605 0.659050464630127 436
1739110606671 0.6398754119873047 437
1739110606733 0.615867555141449 438
1739110606800 0.7467564344406128 439
1739110606863 0.6730990409851074 440
1739110606931 0.6228872537612915 441
1739110606992 0.6681938767433167 442
1739110607057 0.5954756140708923 443
1739110607125 0.5642379522323608 444
1739110607187 0.5953755974769592 445
1739110607252 0.621657133102417 446
1739110607319 0.5422610640525818 447
1739110607387 0.6128995418548584 448
1739110607461 0.5841445326805115 449
1739110607522 0.5671956539154053 450
1739110607583 0.5973230600357056 451
1739110607646 0.5010312795639038 452
1739110607710 0.5560961961746216 453
1739110607773 0.5266627073287964 454
1739110607833 0.6023420095443726 455
1739110607899 0.5898733735084534 456
1739110607961 0.5853838920593262 457
1739110608026 0.6939640045166016 458
1739110608089 0.6268796920776367 459
1739110608150 0.6778039932250977 460
1739110608211 0.4878087639808655 461
1739110608281 0.6570231318473816 462
1739110608348 0.7045289278030396 463
1739110608420 0.5613390803337097 464
1739110608489 0.65439772605896 465
1739110608557 0.5269161462783813 466
1739110608626 0.6046962738037109 467
1739110608693 0.6670655012130737 468
1739110608756 0.7223588824272156 469
1739110608819 0.6153472661972046 470
1739110608884 0.5977345705032349 471
1739110608950 0.6422092914581299 472
1739110609022 0.5342352390289307 473
1739110609085 0.6123610734939575 474
1739110609152 0.5244932770729065 475
1739110609218 0.6240794658660889 476
1739110609285 0.5599576234817505 477
1739110609348 0.6145354509353638 478
1739110609411 0.6007779240608215 479
1739110609473 0.5759412050247192 480
1739110609540 0.6550310850143433 481
1739110609602 0.5939825773239136 482
1739110609672 0.6404310464859009 483
1739110609741 0.6158466339111328 484
1739110609807 0.7172812223434448 485
1739110609874 0.5756629705429077 486
1739110609936 0.635877251625061 487
1739110610001 0.5543398857116699 488
1739110610075 0.5227010250091553 489
1739110610137 0.5632630586624146 490
1739110610201 0.5802788138389587 491
1739110610266 0.6912926435470581 492
1739110610338 0.6465492248535156 493
1739110610408 0.582647442817688 494
1739110610475 0.6400172114372253 495
1739110611203 0.610434889793396 496
1739110611271 0.5805022716522217 497
1739110611343 0.5403950810432434 498
1739110611410 0.5120466947555542 499
1739110611469 0.5664337873458862 500
1739110611531 0.5499467849731445 501
1739110611595 0.5983074903488159 502
1739110611660 0.5576591491699219 503
1739110611722 0.6104637384414673 504
1739110611787 0.6415890455245972 505
1739110611853 0.5450176000595093 506
1739110611921 0.5454064607620239 507
1739110611986 0.621433436870575 508
1739110612055 0.5263411998748779 509
1739110612115 0.6614237427711487 510
1739110612178 0.6348360776901245 511
1739110612243 0.6134629249572754 512
1739110612306 0.48783355951309204 513
1739110612368 0.6703988313674927 514
1739110612431 0.7471906542778015 515
1739110612499 0.7509909272193909 516
1739110612564 0.5002955198287964 517
1739110612629 0.5896327495574951 518
1739110612692 0.6063815355300903 519
1739110612763 0.5925924777984619 520
1739110612828 0.6026669144630432 521
1739110612896 0.6031532883644104 522
1739110612961 0.6473307013511658 523
1739110613030 0.6140966415405273 524
1739110613102 0.600938081741333 525
1739110613169 0.5658468008041382 526
1739110613235 0.6303855180740356 527
1739110613305 0.5801386833190918 528
1739110613368 0.6382672786712646 529
1739110613438 0.5300935506820679 530
1739110613500 0.5809186697006226 531
1739110613567 0.646501362323761 532
1739110613632 0.6168088912963867 533
1739110613697 0.6653996706008911 534
1739110613764 0.5901751518249512 535
1739110613837 0.5490976572036743 536
1739110613902 0.5718784928321838 537
1739110613970 0.7076640129089355 538
1739110614039 0.6324198246002197 539
1739110614104 0.5594218969345093 540
1739110614171 0.6965796947479248 541
1739110614245 0.6643613576889038 542
1739110614312 0.5565787553787231 543
1739110614379 0.5994627475738525 544
1739110614443 0.5397409796714783 545
1739110614511 0.5646135210990906 546
1739110614582 0.5616457462310791 547
1739110614648 0.5618760585784912 548
1739110614719 0.6313550472259521 549
1739110614791 0.5870490074157715 550
1739110614861 0.5955523252487183 551
1739110614925 0.6711908578872681 552
1739110614995 0.660521388053894 553
1739110615069 0.6224600076675415 554
1739110615140 0.738105297088623 555
1739110615206 0.604720950126648 556
1739110615271 0.5871659517288208 557
1739110615994 0.5306648015975952 558
1739110616056 0.5939064025878906 559
1739110616118 0.5647382736206055 560
1739110616178 0.5019283294677734 561
1739110616244 0.622607946395874 562
1739110616315 0.6898233890533447 563
1739110616382 0.6108596324920654 564
1739110616443 0.5585077404975891 565
1739110616509 0.5931695103645325 566
1739110616580 0.5797501802444458 567
1739110616642 0.5909068584442139 568
1739110616712 0.6010149717330933 569
1739110616775 0.5192314386367798 570
1739110616841 0.5666828155517578 571
1739110616902 0.5830258131027222 572
1739110616967 0.5163168907165527 573
1739110617032 0.6083698272705078 574
1739110617097 0.5752583742141724 575
1739110617164 0.5789296627044678 576
1739110617226 0.5457797646522522 577
1739110617290 0.8382373452186584 578
1739110617355 0.6236797571182251 579
1739110617422 0.6413255929946899 580
1739110617485 0.7108434438705444 581
1739110617548 0.5626461505889893 582
1739110617617 0.5988134741783142 583
1739110617683 0.731032133102417 584
1739110617752 0.6073821187019348 585
1739110617824 0.6029837131500244 586
1739110617890 0.5318506956100464 587
1739110617964 0.5265481472015381 588
1739110618028 0.6228365898132324 589
1739110618098 0.5867596864700317 590
1739110618169 0.5315408706665039 591
1739110618234 0.5477527976036072 592
1739110618297 0.6622157096862793 593
1739110618369 0.6108760237693787 594
1739110618435 0.577896773815155 595
1739110618506 0.522818922996521 596
1739110618569 0.6050370931625366 597
1739110618635 0.5826923847198486 598
1739110618699 0.6410864591598511 599
1739110618770 0.5752349495887756 600
1739110618835 0.6603418588638306 601
1739110618905 0.5705189108848572 602
1739110618969 0.6086285710334778 603
1739110619038 0.5874074697494507 604
1739110619103 0.5555386543273926 605
1739110619167 0.5575610399246216 606
1739110619240 0.5417418479919434 607
1739110619304 0.5813838243484497 608
1739110619369 0.5169585943222046 609
1739110619440 0.7074927091598511 610
1739110619507 0.6419844031333923 611
1739110619586 0.5855947732925415 612
1739110619662 0.5695923566818237 613
1739110619728 0.6880916953086853 614
1739110619807 0.5237178802490234 615
1739110619876 0.577251672744751 616
1739110619943 0.554478645324707 617
1739110620011 0.5989130735397339 618
1739110620088 0.5998473763465881 619
1739110620847 0.5639001131057739 620
1739110620910 0.6367925405502319 621
1739110620975 0.5992676019668579 622
1739110621036 0.578163743019104 623
1739110621105 0.6653900146484375 624
1739110621177 0.5207655429840088 625
1739110621242 0.5784973502159119 626
1739110621310 0.5929521322250366 627
1739110621376 0.6007909774780273 628
1739110621442 0.5570023059844971 629
1739110621512 0.5955740213394165 630
1739110621574 0.5872201919555664 631
1739110621638 0.5286074876785278 632
1739110621707 0.5650255680084229 633
1739110621775 0.6125236749649048 634
1739110621838 0.545242965221405 635
1739110621904 0.4984462857246399 636
1739110621965 0.5548652410507202 637
1739110622028 0.5202434062957764 638
1739110622095 0.652789831161499 639
1739110622156 0.5234742164611816 640
1739110622221 0.5652697086334229 641
1739110622284 0.6212642192840576 642
1739110622352 0.4977334141731262 643
1739110622422 0.513954758644104 644
1739110622494 0.7012383341789246 645
1739110622576 0.4744807481765747 646
1739110622642 0.5214879512786865 647
1739110622710 0.7108263969421387 648
1739110622780 0.5013224482536316 649
1739110622843 0.5549240112304688 650
1739110622910 0.4319378137588501 651
1739110622980 0.6971579790115356 652
1739110623046 0.5512644052505493 653
1739110623117 0.6267001628875732 654
1739110623179 0.6363205909729004 655
1739110623247 0.6186026334762573 656
1739110623313 0.5989358425140381 657
1739110623377 0.563442051410675 658
1739110623445 0.5493282675743103 659
1739110623517 0.7155223488807678 660
1739110623597 0.5166271328926086 661
1739110623663 0.6901780366897583 662
1739110623729 0.6334259510040283 663
1739110623792 0.6337432265281677 664
1739110623857 0.5595064163208008 665
1739110623924 0.5360622406005859 666
1739110623992 0.5661706328392029 667
1739110624055 0.6006046533584595 668
1739110624117 0.548791766166687 669
1739110624192 0.5918258428573608 670
1739110624260 0.6297426223754883 671
1739110624328 0.6520102024078369 672
1739110624399 0.5276267528533936 673
1739110624470 0.5339813232421875 674
1739110624536 0.6218091249465942 675
1739110624604 0.5852179527282715 676
1739110624672 0.5702728033065796 677
1739110624743 0.4730170965194702 678
1739110624812 0.5571320056915283 679
1739110624880 0.5148379802703857 680
1739110624948 0.544551432132721 681
1739110625705 0.4395769238471985 682
1739110625779 0.49726131558418274 683
1739110625848 0.535813570022583 684
1739110625911 0.5511367321014404 685
1739110625975 0.455285906791687 686
1739110626049 0.5268638134002686 687
1739110626113 0.5661494731903076 688
1739110626174 0.5843998789787292 689
1739110626236 0.4543142318725586 690
1739110626302 0.634734034538269 691
1739110626364 0.48659059405326843 692
1739110626433 0.5865570902824402 693
1739110626491 0.6205965876579285 694
1739110626553 0.49629729986190796 695
1739110626615 0.5913726091384888 696
1739110626690 0.7244632244110107 697
1739110626761 0.585637092590332 698
1739110626837 0.6068168878555298 699
1739110626900 0.6205699443817139 700
1739110626970 0.6584779620170593 701
1739110627031 0.6136735677719116 702
1739110627099 0.5978450179100037 703
1739110627166 0.5880469083786011 704
1739110627230 0.5836001634597778 705
1739110627297 0.5849493145942688 706
1739110627358 0.6287319660186768 707
1739110627427 0.6434571743011475 708
1739110627492 0.5866391658782959 709
1739110627558 0.5371407270431519 710
1739110627627 0.4863665997982025 711
1739110627689 0.634846568107605 712
1739110627760 0.5300775766372681 713
1739110627833 0.5020252466201782 714
1739110627899 0.511631965637207 715
1739110627974 0.49189358949661255 716
1739110628038 0.634695291519165 717
1739110628103 0.6286824345588684 718
1739110628177 0.5600303411483765 719
1739110628240 0.5748422145843506 720
1739110628307 0.6308342218399048 721
1739110628375 0.5268349647521973 722
1739110628441 0.5416616797447205 723
1739110628509 0.5539296865463257 724
1739110628576 0.6207877993583679 725
1739110628642 0.5969232320785522 726
1739110628716 0.5276930928230286 727
1739110628784 0.587923526763916 728
1739110628855 0.5000918507575989 729
1739110628927 0.47607511281967163 730
1739110628998 0.47789105772972107 731
1739110629073 0.6890052556991577 732
1739110629137 0.556317925453186 733
1739110629204 0.6434540748596191 734
1739110629272 0.6829034090042114 735
1739110629348 0.5884291529655457 736
1739110629413 0.5796685814857483 737
1739110629478 0.5813212394714355 738
1739110629545 0.6054426431655884 739
1739110629617 0.60877525806427 740
1739110629689 0.5478575229644775 741
1739110629759 0.519737958908081 742
1739110629829 0.5228175520896912 743
1739110630523 0.5980013012886047 744
1739110630586 0.5746854543685913 745
1739110630657 0.5388383269309998 746
1739110630727 0.5159359574317932 747
1739110630800 0.5260993242263794 748
1739110630867 0.5648778676986694 749
1739110630933 0.4696466624736786 750
1739110630998 0.56920325756073 751
1739110631067 0.550844132900238 752
1739110631136 0.5722181797027588 753
1739110631201 0.4989657402038574 754
1739110631268 0.45948654413223267 755
1739110631335 0.4889879524707794 756
1739110631400 0.6390795111656189 757
1739110631461 0.6012320518493652 758
1739110631523 0.5436763763427734 759
1739110631585 0.5311979055404663 760
1739110631650 0.5689812302589417 761
1739110631715 0.5871636867523193 762
1739110631789 0.5911251306533813 763
1739110631850 0.5023841857910156 764
1739110631910 0.6539195775985718 765
1739110631977 0.5746680498123169 766
1739110632053 0.6302121877670288 767
1739110632116 0.5648713111877441 768
1739110632181 0.6437695026397705 769
1739110632246 0.5534720420837402 770
1739110632317 0.5824688673019409 771
1739110632387 0.6045241355895996 772
1739110632454 0.5095556974411011 773
1739110632521 0.48647430539131165 774
1739110632589 0.5643307566642761 775
1739110632656 0.6590001583099365 776
1739110632725 0.6706932187080383 777
1739110632792 0.467052161693573 778
1739110632857 0.4310215711593628 779
1739110632930 0.6378389000892639 780
1739110633000 0.4322093725204468 781
1739110633067 0.5338320732116699 782
1739110633134 0.46619153022766113 783
1739110633200 0.6427075862884521 784
1739110633270 0.49874454736709595 785
1739110633343 0.7601000666618347 786
1739110633413 0.6614231467247009 787
1739110633482 0.5565700531005859 788
1739110633548 0.5991621017456055 789
1739110633617 0.6825989484786987 790
1739110633684 0.5195701122283936 791
1739110633756 0.5930694341659546 792
1739110633824 0.6349232196807861 793
1739110633887 0.44374150037765503 794
1739110633946 0.5753559470176697 795
1739110634014 0.5078783631324768 796
1739110634092 0.5154314041137695 797
1739110634166 0.5237175226211548 798
1739110634233 0.6122180819511414 799
1739110634297 0.7050638198852539 800
1739110634361 0.5499404668807983 801
1739110634428 0.5144712924957275 802
1739110634505 0.5243728160858154 803
1739110634571 0.6018390655517578 804
1739110634638 0.5677378177642822 805
1739110635357 0.5450187921524048 806
1739110635420 0.49683043360710144 807
1739110635480 0.5596893429756165 808
1739110635543 0.4740108251571655 809
1739110635608 0.6106820702552795 810
1739110635675 0.526788592338562 811
1739110635747 0.4901505708694458 812
1739110635816 0.4629741907119751 813
1739110635879 0.5568268299102783 814
1739110635946 0.5632107853889465 815
1739110636012 0.4760609269142151 816
1739110636077 0.5015498399734497 817
1739110636148 0.6124248504638672 818
1739110636211 0.5574026107788086 819
1739110636280 0.5600692629814148 820
1739110636353 0.5059916973114014 821
1739110636419 0.5490849614143372 822
1739110636489 0.602418065071106 823
1739110636555 0.4384767413139343 824
1739110636623 0.6445741653442383 825
1739110636694 0.5261162519454956 826
1739110636760 0.5769776105880737 827
1739110636826 0.5927666425704956 828
1739110636885 0.536292314529419 829
1739110636944 0.5477785468101501 830
1739110637009 0.5311510562896729 831
1739110637070 0.4782314598560333 832
1739110637134 0.5795865058898926 833
1739110637191 0.5766980648040771 834
1739110637252 0.5105025768280029 835
1739110637317 0.4995468854904175 836
1739110637387 0.5971173048019409 837
1739110637453 0.5726412534713745 838
1739110637515 0.5468384623527527 839
1739110637574 0.47236281633377075 840
1739110637639 0.594496488571167 841
1739110637698 0.45142191648483276 842
1739110637763 0.4566892087459564 843
1739110637820 0.56358802318573 844
1739110637883 0.5404939651489258 845
1739110637940 0.5233523845672607 846
1739110638002 0.5952539443969727 847
1739110638062 0.5015939474105835 848
1739110638119 0.5221415758132935 849
1739110638178 0.5506168603897095 850
1739110638245 0.5378057956695557 851
1739110638308 0.7512959837913513 852
1739110638367 0.5823308825492859 853
1739110638427 0.6834763288497925 854
1739110638485 0.591237485408783 855
1739110638547 0.5475574731826782 856
1739110638614 0.5373271703720093 857
1739110638675 0.5454610586166382 858
1739110638748 0.5430529117584229 859
1739110638816 0.4467003047466278 860
1739110638883 0.6180921792984009 861
1739110638943 0.5558355450630188 862
1739110639004 0.5393118858337402 863
1739110639069 0.6066596508026123 864
1739110639127 0.6178065538406372 865
1739110639191 0.4917196035385132 866
1739110639255 0.5137041807174683 867
1739110639908 0.45514142513275146 868
1739110639968 0.5921601057052612 869
1739110640035 0.5461235642433167 870
1739110640096 0.4714306592941284 871
1739110640157 0.4606679677963257 872
1739110640228 0.5220879316329956 873
1739110640289 0.5045896768569946 874
1739110640351 0.5345455408096313 875
1739110640412 0.5313543677330017 876
1739110640484 0.5657725930213928 877
1739110640550 0.4502113461494446 878
1739110640615 0.5898030996322632 879
1739110640677 0.6702680587768555 880
1739110640744 0.5704550743103027 881
1739110640813 0.4857185482978821 882
1739110640877 0.5669209361076355 883
1739110640943 0.4838869869709015 884
1739110641012 0.5472710132598877 885
1739110641079 0.5382312536239624 886
1739110641145 0.40417948365211487 887
1739110641210 0.5798994302749634 888
1739110641274 0.49928775429725647 889
1739110641339 0.5272749662399292 890
1739110641402 0.4758032560348511 891
1739110641466 0.5678316354751587 892
1739110641531 0.5337183475494385 893
1739110641603 0.7181354761123657 894
1739110641672 0.518635630607605 895
1739110641735 0.46659761667251587 896
1739110641799 0.5722843408584595 897
1739110641872 0.5557311773300171 898
1739110641934 0.5263453722000122 899
1739110641999 0.6398624777793884 900
1739110642066 0.42325741052627563 901
1739110642133 0.4604491591453552 902
1739110642198 0.5531433820724487 903
1739110642263 0.5296180844306946 904
1739110642331 0.46745240688323975 905
1739110642396 0.5904698371887207 906
1739110642461 0.4346469044685364 907
1739110642532 0.6012901067733765 908
1739110642597 0.5917974710464478 909
1739110642662 0.48409339785575867 910
1739110642729 0.5663931369781494 911
1739110642794 0.6561018228530884 912
1739110642864 0.5310746431350708 913
1739110642937 0.5209614038467407 914
1739110643006 0.4432521462440491 915
1739110643075 0.47561150789260864 916
1739110643139 0.5122102499008179 917
1739110643203 0.6293567419052124 918
1739110643271 0.46360644698143005 919
1739110643342 0.5945289134979248 920
1739110643410 0.5864717960357666 921
1739110643473 0.5796586275100708 922
1739110643542 0.42306309938430786 923
1739110643610 0.5234456658363342 924
1739110643677 0.5350964069366455 925
1739110643756 0.44730299711227417 926
1739110643838 0.5838755369186401 927
1739110643900 0.5988731980323792 928
1739110643967 0.5682071447372437 929
1739110644695 0.5180313587188721 930
1739110644754 0.5773360729217529 931
1739110644819 0.37348026037216187 932
1739110644890 0.5170856714248657 933
1739110644954 0.5567916631698608 934
1739110645016 0.4992578625679016 935
1739110645083 0.4525722861289978 936
1739110645150 0.5719763040542603 937
1739110645228 0.4611997604370117 938
1739110645294 0.5286919474601746 939
1739110645358 0.47477802634239197 940
1739110645427 0.5281620025634766 941
1739110645489 0.6012067794799805 942
1739110645564 0.5662511587142944 943
1739110645635 0.5057970285415649 944
1739110645703 0.5126319527626038 945
1739110645768 0.47860902547836304 946
1739110645835 0.6132242679595947 947
1739110645899 0.487456738948822 948
1739110645963 0.5161222219467163 949
1739110646026 0.4716469645500183 950
1739110646089 0.4770086407661438 951
1739110646160 0.5508736371994019 952
1739110646232 0.4980500340461731 953
1739110646301 0.5181571841239929 954
1739110646370 0.6192810535430908 955
1739110646440 0.4599667489528656 956
1739110646512 0.4638668894767761 957
1739110646580 0.43645182251930237 958
1739110646644 0.5584714412689209 959
1739110646713 0.463443785905838 960
1739110646778 0.44436153769493103 961
1739110646842 0.5563111305236816 962
1739110646914 0.5706802606582642 963
1739110646982 0.4865741431713104 964
1739110647046 0.4404294490814209 965
1739110647121 0.5569294691085815 966
1739110647195 0.6505113840103149 967
1739110647261 0.5766128301620483 968
1739110647329 0.508100152015686 969
1739110647397 0.45828986167907715 970
1739110647460 0.5315070748329163 971
1739110647525 0.4531332552433014 972
1739110647592 0.41221681237220764 973
1739110647666 0.5081713199615479 974
1739110647731 0.48315009474754333 975
1739110647803 0.5120272636413574 976
1739110647871 0.5430579781532288 977
1739110647940 0.4435579180717468 978
1739110648009 0.648952066898346 979
1739110648077 0.534772515296936 980
1739110648149 0.3979412615299225 981
1739110648219 0.4610354006290436 982
1739110648288 0.5688941478729248 983
1739110648354 0.5277428030967712 984
1739110648422 0.5412819981575012 985
1739110648492 0.4782450795173645 986
1739110648563 0.5647536516189575 987
1739110648633 0.5429302453994751 988
1739110648698 0.6041713953018188 989
1739110648771 0.5308068990707397 990
1739110648847 0.5624771118164062 991
1739110649571 0.5168702006340027 992
1739110649637 0.3992854654788971 993
1739110649699 0.5249546766281128 994
1739110649773 0.4933178722858429 995
1739110649840 0.5049664974212646 996
1739110649908 0.513355016708374 997
1739110649984 0.5085719227790833 998
1739110650049 0.5008581876754761 999
1739110650115 0.49482810497283936 1000
1739110650179 0.48781150579452515 1001
1739110650243 0.5682345628738403 1002
1739110650309 0.516348123550415 1003
1739110650369 0.439764142036438 1004
1739110650435 0.4286830425262451 1005
1739110650505 0.4343053698539734 1006
1739110650571 0.5409662127494812 1007
1739110650635 0.528249979019165 1008
1739110650704 0.5335767269134521 1009
1739110650769 0.4579593539237976 1010
1739110650836 0.48527973890304565 1011
1739110650904 0.49699240922927856 1012
1739110650968 0.5180191993713379 1013
1739110651039 0.5185171365737915 1014
1739110651105 0.4669693410396576 1015
1739110651167 0.48683610558509827 1016
1739110651232 0.4549925923347473 1017
1739110651294 0.4888574779033661 1018
1739110651363 0.5158063769340515 1019
1739110651439 0.4233032464981079 1020
1739110651506 0.5400057435035706 1021
1739110651575 0.4646189212799072 1022
1739110651637 0.4608732759952545 1023
1739110651706 0.47675278782844543 1024
1739110651771 0.46323156356811523 1025
1739110651842 0.4628840684890747 1026
1739110651913 0.42480844259262085 1027
1739110651986 0.6228684782981873 1028
1739110652054 0.5441573262214661 1029
1739110652118 0.5102795362472534 1030
1739110652187 0.5870648622512817 1031
1739110652256 0.5238636136054993 1032
1739110652328 0.5661790370941162 1033
1739110652392 0.5514208674430847 1034
1739110652464 0.6956307888031006 1035
1739110652531 0.46852776408195496 1036
1739110652599 0.5318432450294495 1037
1739110652685 0.5161447525024414 1038
1739110652770 0.4460327923297882 1039
1739110652841 0.5865002274513245 1040
1739110652905 0.5030761957168579 1041
1739110652972 0.6024612784385681 1042
1739110653038 0.5202125310897827 1043
1739110653109 0.5024436712265015 1044
1739110653176 0.5871685743331909 1045
1739110653245 0.5591784715652466 1046
1739110653310 0.5318351984024048 1047
1739110653380 0.46984922885894775 1048
1739110653449 0.44069474935531616 1049
1739110653521 0.4490443468093872 1050
1739110653591 0.5017380714416504 1051
1739110653665 0.5263432264328003 1052
1739110653730 0.4355623424053192 1053
1739110654444 0.5247156620025635 1054
1739110654508 0.5643296837806702 1055
1739110654579 0.5018500685691833 1056
1739110654647 0.5180301070213318 1057
1739110654709 0.5236947536468506 1058
1739110654776 0.4624411463737488 1059
1739110654838 0.4806551933288574 1060
1739110654902 0.4153081774711609 1061
1739110654968 0.49161845445632935 1062
1739110655037 0.4535374045372009 1063
1739110655100 0.5096369981765747 1064
1739110655168 0.516425371170044 1065
1739110655242 0.5603936314582825 1066
1739110655310 0.4677218794822693 1067
1739110655372 0.5043470859527588 1068
1739110655437 0.5854780673980713 1069
1739110655502 0.44480541348457336 1070
1739110655565 0.5538736581802368 1071
1739110655637 0.36962515115737915 1072
1739110655702 0.6070452928543091 1073
1739110655766 0.4302726984024048 1074
1739110655833 0.43711039423942566 1075
1739110655903 0.5850706100463867 1076
1739110655966 0.6370692849159241 1077
1739110656030 0.5098593831062317 1078
1739110656093 0.38350313901901245 1079
1739110656158 0.4428636431694031 1080
1739110656228 0.5561848878860474 1081
1739110656294 0.5444665551185608 1082
1739110656365 0.4900456666946411 1083
1739110656432 0.48383650183677673 1084
1739110656498 0.6699225902557373 1085
1739110656562 0.6347132921218872 1086
1739110656632 0.5239496231079102 1087
1739110656699 0.4964214861392975 1088
1739110656771 0.3868694007396698 1089
1739110656841 0.41354256868362427 1090
1739110656910 0.5154958963394165 1091
1739110656976 0.46374669671058655 1092
1739110657039 0.5703519582748413 1093
1739110657105 0.5299232602119446 1094
1739110657174 0.4957271218299866 1095
1739110657247 0.4354255795478821 1096
1739110657320 0.5249538421630859 1097
1739110657383 0.5011764168739319 1098
1739110657449 0.5010359883308411 1099
1739110657519 0.4083980321884155 1100
1739110657582 0.4203575551509857 1101
1739110657649 0.43017223477363586 1102
1739110657715 0.46752333641052246 1103
1739110657788 0.4789141118526459 1104
1739110657856 0.4863475561141968 1105
1739110657930 0.4662702679634094 1106
1739110657999 0.39006131887435913 1107
1739110658065 0.4771382808685303 1108
1739110658128 0.47127586603164673 1109
1739110658194 0.4430626332759857 1110
1739110658265 0.6032454967498779 1111
1739110658332 0.5675615072250366 1112
1739110658401 0.49061647057533264 1113
1739110658473 0.4168539047241211 1114
1739110658536 0.6823142170906067 1115
1739110659253 0.5958264470100403 1116
1739110659322 0.5334384441375732 1117
1739110659390 0.39332833886146545 1118
1739110659457 0.4442273676395416 1119
1739110659536 0.40565037727355957 1120
1739110659595 0.5050920248031616 1121
1739110659656 0.5040645599365234 1122
1739110659719 0.5179300308227539 1123
1739110659786 0.3735273480415344 1124
1739110659852 0.44800740480422974 1125
1739110659914 0.6190744042396545 1126
1739110659979 0.6235611438751221 1127
1739110660040 0.5653915405273438 1128
1739110660105 0.48297181725502014 1129
1739110660166 0.5179204940795898 1130
1739110660230 0.42575666308403015 1131
1739110660299 0.4708192050457001 1132
1739110660365 0.5513200759887695 1133
1739110660429 0.39230477809906006 1134
1739110660499 0.5381810665130615 1135
1739110660567 0.47404009103775024 1136
1739110660636 0.4018067717552185 1137
1739110660695 0.4064696431159973 1138
1739110660754 0.6324884295463562 1139
1739110660817 0.42272067070007324 1140
1739110660879 0.5224226713180542 1141
1739110660944 0.530208945274353 1142
1739110661013 0.4002419710159302 1143
1739110661078 0.4371345043182373 1144
1739110661153 0.407170832157135 1145
1739110661217 0.40742015838623047 1146
1739110661287 0.4039720296859741 1147
1739110661351 0.5924229025840759 1148
1739110661417 0.4432530999183655 1149
1739110661483 0.43488043546676636 1150
1739110661555 0.45767033100128174 1151
1739110661622 0.42174410820007324 1152
1739110661690 0.6077686548233032 1153
1739110661750 0.4474528431892395 1154
1739110661820 0.6597625017166138 1155
1739110661892 0.441884845495224 1156
1739110661954 0.4550691843032837 1157
1739110662019 0.48863154649734497 1158
1739110662086 0.3863980770111084 1159
1739110662161 0.5637259483337402 1160
1739110662228 0.598976731300354 1161
1739110662293 0.5026464462280273 1162
1739110662359 0.4332539737224579 1163
1739110662429 0.4575800597667694 1164
1739110662504 0.4587972164154053 1165
1739110662570 0.4814786911010742 1166
1739110662635 0.42780351638793945 1167
1739110662707 0.6319634914398193 1168
1739110662776 0.4686122238636017 1169
1739110662838 0.4266952872276306 1170
1739110662903 0.5710048675537109 1171
1739110662971 0.4116082787513733 1172
1739110663040 0.5007739067077637 1173
1739110663105 0.5697331428527832 1174
1739110663171 0.4062969386577606 1175
1739110663237 0.4769749343395233 1176
1739110663304 0.48120009899139404 1177
1739110664018 0.4533567428588867 1178
1739110664084 0.45540615916252136 1179
1739110664150 0.43118980526924133 1180
1739110664222 0.41027113795280457 1181
1739110664290 0.431639164686203 1182
1739110664357 0.45501431822776794 1183
1739110664432 0.5648741126060486 1184
1739110664508 0.5295745134353638 1185
1739110664578 0.5657299160957336 1186
1739110664639 0.5291222333908081 1187
1739110664709 0.4772871732711792 1188
1739110664773 0.46445345878601074 1189
1739110664850 0.48213428258895874 1190
1739110664932 0.5417516827583313 1191
1739110665003 0.3336559236049652 1192
1739110665080 0.430014967918396 1193
1739110665151 0.4270108640193939 1194
1739110665220 0.4720045030117035 1195
1739110665301 0.4467950165271759 1196
1739110665373 0.4853382706642151 1197
1739110665442 0.4480530023574829 1198
1739110665508 0.3572385907173157 1199
1739110665583 0.3113199472427368 1200
1739110665653 0.5660238862037659 1201
1739110665730 0.43283456563949585 1202
1739110665801 0.5239207148551941 1203
1739110665879 0.6517780423164368 1204
1739110665947 0.4775209426879883 1205
1739110666014 0.44222742319107056 1206
1739110666081 0.5153262615203857 1207
1739110666148 0.4687730073928833 1208
1739110666215 0.45192763209342957 1209
1739110666286 0.5624914765357971 1210
1739110666348 0.39019709825515747 1211
1739110666416 0.46436530351638794 1212
1739110666490 0.4478878676891327 1213
1739110666560 0.45417794585227966 1214
1739110666625 0.46469905972480774 1215
1739110666697 0.5127619504928589 1216
1739110666762 0.49696841835975647 1217
1739110666832 0.3403095304965973 1218
1739110666919 0.42472773790359497 1219
1739110666993 0.4559006690979004 1220
1739110667060 0.4988666772842407 1221
1739110667128 0.4445006251335144 1222
1739110667197 0.42144668102264404 1223
1739110667278 0.4508577883243561 1224
1739110667351 0.5153200030326843 1225
1739110667427 0.49699556827545166 1226
1739110667506 0.45844852924346924 1227
1739110667592 0.5203704833984375 1228
1739110667677 0.42463985085487366 1229
1739110667766 0.5182822346687317 1230
