1739110577373 0.666228175163269 61
1739110582186 0.6664078235626221 123
1739110587070 0.6639573574066162 185
1739110591875 0.6628610491752625 247
1739110596759 0.6482075452804565 309
1739110601608 0.6358962655067444 371
1739110606408 0.6219026446342468 433
1739110611132 0.6121447086334229 495
1739110615917 0.603834331035614 557
1739110620776 0.5935549139976501 619
1739110625630 0.5777003765106201 681
1739110630460 0.5695149302482605 743
1739110635291 0.5636975765228271 805
1739110639842 0.5465949773788452 867
1739110644628 0.533007025718689 929
1739110649504 0.5154199600219727 991
1739110654381 0.5052250027656555 1053
1739110659182 0.49860385060310364 1115
1739110663952 0.4848494827747345 1177
